92,3,789.174945151382
19,2,571.038605230386
95,3,406.434525581593
244,5,635.654497226911
87,5,673.182874983393
54,1,401.338740340979
125,2,697.404208443865
56,1,548.608455398649
67,3,690.365350500715
110,7,524.408087257249
193,4,481.085986891712
82,3,468.35832728153
178,6,446.565271090268
141,4,510.147319716149
49,0,591.134014541167
209,7,584.859640419454
212,4,512.76488728455
223,4,433.354811568799
178,7,705.129334113126
103,8,653.506888080967
30,3,624.304358892778
82,2,709.638173023551
37,0,472.950525905727
119,0,347.663186451825
71,0,496.782849680789
135,2,501.062023062574
111,6,564.763018088745
54,3,379.91260909055
334,11,555.47414941099
171,8,513.555202427991
132,5,547.963192267503
69,6,835.702086147381
92,3,469.736943021492
38,0,487.684205069722
50,4,801.722551928783
71,4,569.853329613095
389,11,585.252128902989
119,4,413.574927772893
221,5,715.387859859612
175,11,907.834021951281
60,3,541.688367615767
75,1,458.00118858954
115,7,619.903182227559
120,2,292.922669824763
1,0,124.992526234963
150,0,707.808829778193
188,7,636.907108949188
194,6,549.606497927768
225,9,604.035169400473
173,8,612.711532976262
98,2,431.358541881892
69,8,587.215639043681
2,0,120.939682089129
0,0,168.21823002377
398,14,639.834532374101
120,37,631.274912839169
163,7,668.777874031798
1,0,170.699600798403
429,310,874.947650828141
153,2,499.265509890592
98,8,548.469084268197
112,1,262.631516155431
2,0,94.0041606886657
331,287,861.133828730663
162,7,646.569559391503
112,12,543.647851024585
132,4,923.861673022716
105,0,190.12692956882
68,4,696.120240253853
223,160,1308.35291909783
92,68,538.462748892397
117,44,462.347527619865
177,66,646.483127998963
97,5,248.48965887725
167,61,593.394378462059
147,7,460.475867908552
19,0,206.731715831733
55,4,461.175690225333
138,225,490.589574131984
135,2,362.828434330374
120,85,460.928229197223
183,4,420.590958093447
50,0,170.360848444395
62,0,359.985722395685
125,86,453.884039494385
78,1,446.382033325284
132,7,375.207499300811
241,3,579.970326012092
27,1,470.026859977108
18,1,186.078480929561
51,1,424.182031708749
63,1,389.150605838822
57,29,438.684839957791
36,0,340.298412150501
133,7,482.121593620495
40,0,416.298110426159
41,0,530.120367571489
57,5,559.800433620733
135,280,635.162128425453
49,9,385.516629816061
90,7,759.381108542551
13,1,360.272146400247
77,1,383.807058284817
32,0,361.269134698814
90,7,417.40228381111
65,6,445.165433948132
143,5,609.581440394436
67,7,756.781007992711
109,2,554.214159019048
165,8,649.466309564848
125,7,464.371472413103
11,0,518.959569658645
151,7,565.133175933373
91,4,587.984497384611
82,4,412.633715774304
57,7,591.806692416995
121,7,460.574972280801
187,4,692.498163102316
104,5,597.616776857032
1,2,167.785387677226
112,3,520.985836969319
208,11,648.92673587142
39,1,550.616132955006
12,5,271.519842043682
86,234,499.430607277342
97,11,847.699469182321
94,5,594.659639474488
109,151,735.24418946749
82,3,379.644143043337
2,0,58.3709270628997
32,0,204.175642181163
0,0,45.485620536576
85,5,854.115388055696
172,5,488.171428571429
102,8,688.214091545073
116,437,745.44433307256
87,9,358.765953298965
70,73,821.879411453931
79,48,337.061960618549
181,11,724.811404058902
29,1,416.506974248927
65,6,513.043100277527
6,0,315.000308719935
0,0,70.4374359324814
41,2,650.890587710787
87,5,723.042177824512
42,2,387.146947174229
174,43,425.086940047879
54,1,513.76682834193
16,2,516.879463066297
92,3,285.971968994418
10,0,217.175037408106
0,0,57.8441085412493
30,4,680.49424499863
240,332,592.198454404946
25,9,621.474963963281
75,34,966.941441943392
26,44,741.395049995868
30,3,564.18194680249
6,1,261.985588470777
39,4,559.461759650978
70,163,224.107276142768
0,0,105.270318884349
39,119,249.059902618766
56,1,525.799988225944
43,3,742.499750778816
73,410,1039.59425240411
7,1,280.888765860666
66,31,926.48549555297
38,120,621.300729927007
212,4,306.993784382368
12,1,264.881395348837
0,0,153.122433743934
5,0,133.194446303111
28,8,572.154345971253
2,0,292.372206137811
1,0,75.8095828170178
40,3,326.589078038092
44,5,782.02587766252
36,1,534.612299465241
130,431,902.248682289666
183,6,600.861845340546
41,5,581.824818203143
58,3,375.533047086067
57,3,792.823485720652
28,1,317.54703675919
0,0,738.444444444444
91,1,644.918400075468
4,1,139.377241880756
25,11,693.181839027746
151,5,437.647205729903
136,4,446.351162628308
79,2,433.160248615052
44,178,746.358374091837
47,5,493.823501651722
42,0,294.42039193411
30,1,348.736968209444
22,4,419.722316865417
21,1,320.621304955391
21,4,639.944495087613
29,1,653.909663994124
44,4,936.579233283279
33,1,390.934597129619
39,5,881.496283340621
27,3,506.433284813197
22,5,541.590031014621
0,1,198.582947088247
282,13,892.52560016996
78,3,590.542797672146
8,2,514.802887735237
53,6,608.702209997761
95,2,626.477497132947
51,187,833.104066666667
18,4,466.26432966881
70,7,950.486161057012
75,338,985.55832459218
23,2,532.634601102294
39,86,510.752066115702
69,64,878.471306291732
111,6,580.63185282523
63,6,654.522264801117
127,6,629.0677781805
104,9,680.370046111665
121,371,660.358571261751
88,556,967.137320257837
78,12,782.716484531322
30,4,649.892727960969
201,9,637.744690511023
52,4,900.775535837284
216,10,678.520394308565
20,2,1229.42796573505
23,3,784.070463865167
51,5,486.65331614151
105,30,756.434387116016
117,32,623.583295201489
47,219,685.516361552613
42,7,930.213972742668
56,5,602.963595898577
33,2,1074.29072070699
54,3,487.140003374388
70,9,456.327765281821
143,93,773.257701970118
126,267,610.770032234585
92,6,619.211059157517
41,0,845.606162668973
268,74,1269.93446249131
40,8,615.346459627329
14,1,319.336655948553
30,3,592.826321905869
81,6,627.880288981432
59,1,629.710275098775
55,8,1138.93478854025
168,217,673.899138098005
77,35,805.549227764957
79,7,577.910119150406
75,12,721.563673965937
65,6,823.123694612024
37,13,629.841740170429
117,113,1034.72868897929
63,25,706.908575232252
186,10,821.763557040117
110,44,742.344258881346
27,1,413.29866798224
69,5,599.442840662896
168,57,809.583439086294
149,5,605.074646874183
65,6,585.244473828651
220,10,678.369583918791
49,3,623.947868721233
118,5,506.20526625345
54,5,555.439979279154
223,8,889.384601506472
31,0,439.040090796809
124,14,758.089333533925
55,3,556.987947057167
121,4,519.825963665236
41,2,699.256527539546
71,2,667.141285484071
222,6,589.328536557675
105,7,461.288548592446
25,5,378.819041408543
234,9,760.25396029794
178,9,491.850454094482
147,4,819.288765750023
92,11,419.317223514739
174,3,578.903845560798
121,2,576.613530171985
139,6,540.646949818397
51,2,430.535525947061
232,4,509.22981829014
173,4,474.715456284105
79,2,465.257520132639
60,1,747.778938356164
47,3,608.653174631628
283,7,777.006781407525
98,2,1081.01725293996
111,7,538.624865762973
18,0,252.397355163728
9,0,143.152633430335
27,1,545.916012356803
47,5,462.071859702486
76,0,391.610188564477
78,3,1027.86168026772
19,5,256.147592295345
12,0,283.530034089573
2,0,558.825798064423
92,4,876.323372659773
4,5,457.523638789294
18,0,340.048829638816
34,6,511.597761233434
29,5,474.375156380317
26,3,484.578038449006
9,1,241.630397572551
44,2,354.014051949632
48,1,486.194266934453
15,2,295.847697677541
18,3,529.488960053936
196,10,496.825280087979
63,9,777.907776034517
121,8,478.698203514293
136,203,775.426328172019
35,334,1141.13478145091
75,2,519.239332558526
98,4,573.997238130052
31,3,459.246570868713
170,7,584.454745596869
98,7,548.083821560094
101,5,571.645111060224
44,2,294.767687992803
213,11,628.046409807356
186,6,681.136649489038
107,12,429.946890488767
103,6,1294.80894131987
89,5,1259.11592773336
23,2,375.405899828009
40,1,164.930069488313
95,2,555.403176166441
29,0,296.92151815543
32,10,849.072970593414
106,8,567.831946045162
115,14,343.414071301848
58,3,440.661733423852
67,8,342.933150050644
25,75,560.666139097404
63,6,623.198390235273
12,12,1310.41004394225
17,0,345.177477154632
5,1,493.211178334774
139,5,656.842201393896
100,2,476.556977784694
135,2,710.671165593528
39,3,171.061457098568
299,411,666.784415912573
143,13,666.260905042781
68,5,518.946889909083
78,4,807.544975319883
0,0,125.236515885395
118,5,434.977380662445
0,1,30.4514956326551
22,1,429.95799689441
99,4,571.861846869164
2,0,31.2383410772673
78,6,954.416969851164
101,6,715.774477487594
133,68,744.497525397239
18,1,137.035536619618
40,6,457.419850448414
111,16,681.397259118701
7,1,212.340715502555
1,0,38.0249079438047
0,0,52.4363179431002
74,0,609.394322759315
8,2,131.421672811393
2,0,186.392089477631
10,6,413.901281126948
44,1,335.88214596347
81,3,374.742638160549
37,2,373.434294271808
244,5,652.79222082225
98,2,718.605611672278
0,0,128.691965761728
87,2,353.776465353343
103,8,676.603757629237
62,11,782.592076036985
106,5,497.692482147783
28,2,348.020362698351
74,1,350.589007560302
190,7,581.132958657325
87,5,858.838998086624
71,7,590.694647245272
185,9,904.70993069231
128,19,518.577098859472
14,0,170.378644861042
70,5,564.300312348538
0,0,57.716011836265
177,11,615.195514619585
88,4,831.661848978143
99,8,793.408224345045
173,13,663.79797427327
20,1,480.364943048273
80,1,525.364388489209
58,77,835.280029181105
294,16,489.236675405885
115,53,685.227990018627
74,107,711.211193170269
67,3,669.49518283337
89,118,501.157609843177
47,3,397.027646948003
73,5,460.214366049336
41,229,1112.53396077399
68,425,836.423028391167
51,127,481.460615356853
64,46,759.861472373296
15,0,368.112463485881
15,0,512.099771515613
29,3,673.792179261863
14,0,703.527627084589
83,3,626.570379227878
18,2,376.074746769123
30,3,515.352310574521
125,6,723.183770145719
45,7,611.485956890921
132,8,609.870677446005
40,6,515.046442593125
74,8,1036.81608931712
79,4,657.175952979547
27,0,518.601915333551
38,4,478.222442285078
67,6,839.005016936154
61,212,579.478145205986
83,40,558.350185060565
25,2,438.010972703152
22,3,375.185264445124
212,186,1687.93442442882
87,4,414.684615093339
58,8,932.520534643285
1,0,365.950473315956
83,590,827.514688500014
27,4,577.44272703098
143,11,575.307866498546
49,265,708.281958861976
43,8,499.819144967545
80,5,559.269067028986
59,2,633.507701054373
67,4,584.825391258603
110,5,766.485374108546
56,2,513.395391146149
72,3,546.44344091201
77,3,497.440106219659
140,5,480.942405832321
46,3,555.816814050602
71,8,469.460528723015
0,0,361.823529411765
0,0,343.764705882353
67,8,583.668590445699
102,5,589.660455965745
91,5,638.422219826037
33,1,427.753386528113
82,2,432.545028783296
29,1,338.080189417658
22,2,741.617870427774
90,7,668.625301463101
104,4,607.069330644145
59,2,779.982449457955
106,3,515.393047019343
100,4,710.398701084264
92,6,518.531473408893
36,1,550.697638675423
107,6,744.188741539647
49,5,936.998285368478
51,11,661.584977556754
166,31,754.361815099054
21,3,1399.00181634712
28,5,1157.34787930142
23,10,539.265853727066
92,324,712.72190071435
202,32,840.376291479276
92,33,728.091944536151
13,15,649.315894428152
21,1,322.378508982257
81,94,700.209964798267
80,1,370.56689797246
124,118,662.893213614533
61,23,576.26712057636
46,21,748.716002126528
16,15,533.076327060975
276,666,842.874773139746
100,1,395.613681846028
53,2,575.939936708861
225,168,895.872153518124
255,259,541.133098445596
100,0,327.901384526633
203,64,639.385307346327
144,10,753.18154591385
53,42,485.874889282551
241,1,582.05651400138
46,2,722.194828828146
158,8,786.871985844786
44,111,434.253537089168
179,134,838.977572225038
52,6,584.350325481197
41,5,679.325019073889
102,63,352.287160713697
196,4,508.784644846797
77,2,335.822620472912
77,80,238.254272580835
22,4,462.117130693592
0,0,44.5494465393504
5,1,121.661752833179
1,0,94.1747843155156
25,0,435.125480538203
61,1,274.773451778807
19,0,141.727132905094
0,0,40.0233632993042
0,0,34.1181916504434
0,0,37.6603985220375
40,4,176.794932421638
12,0,463.785568135316
12,2,276.225222476481
20,0,226.504932880479
0,0,37.723329612502
0,0,31.2104490754329
18,2,329.665068493151
4,3,155.715610608226
0,1,106.875674056321
51,4,664.398589420655
34,1,397.548998178506
48,3,447.696232077359
375,252,652.454491867963
54,189,479.906596531134
5,0,225.106653335
139,4,568.619192080473
155,6,606.658464522531
116,4,603.665078359545
89,2,676.778465203858
57,0,390.539498602218
89,11,642.66865891808
40,3,521.295624130517
34,46,410.14891359868
69,5,848.599228939973
39,0,687.844810062254
79,4,475.024225352113
15,3,718.125318222879
34,3,621.722722777717
45,1,800.348974646888
21,1,423.365128563321
45,1,718.270281205746
8,1,453.598032090345
42,6,453.449875847756
28,6,678.680369462341
56,3,772.829164662498
269,11,734.990616443425
112,7,681.896225775084
55,6,731.714648871942
34,10,620.941415667025
38,6,688.891941339584
53,4,539.919538348203
105,6,470.798664781136
26,4,874.945460695059
55,2,460.083335357412
163,213,569.828787218591
125,6,481.765660422384
192,146,588.791294537934
128,6,755.410632818249
72,5,616.43809381088
163,4,478.017896094758
67,8,590.409490650419
54,1,650.018467380048
47,4,429.351716712525
54,2,496.683429662504
137,8,599.7590090623
205,7,859.387250019156
66,5,670.462107208872
47,4,688.102289394809
55,4,379.960536773812
34,5,594.344832844128
9,1,425.118118466899
48,4,561.527623472376
90,2,618.560770449835
95,2,775.769567004147
114,3,956.997415943031
79,2,819.594275099215
328,17,629.483551369266
132,8,471.907624925343
95,0,615.270202290485
102,5,657.795774491764
92,6,808.799207207207
113,6,682.891785610253
70,6,881.701306389865
69,3,595.406280147546
45,3,488.990555614954
156,5,615.515140591204
157,2,527.18076226401
95,11,270.818081774316
137,4,600.28057599594
70,23,647.224163929129
100,140,423.927092824083
37,157,558.684909568448
101,171,577.164444089542
123,4,601.795293411867
279,10,684.508051008057
118,7,519.856405935304
137,3,830.763168925527
0,0,68.2611432568195
0,0,40.941112875435
15,29,403.175076788065
92,5,754.27903195311
82,3,614.778002855269
22,2,595.411678965109
24,1,496.846037531017
72,5,439.904163912756
20,0,165.303935409865
88,2,581.701385610752
0,0,49.3325405017278
58,6,507.941244439309
36,1,449.315872858699
62,3,191.048588838999
25,0,458.806513409962
120,4,509.898989116542
194,9,446.463116975843
245,7,490.709591161776
186,3,635.000229206658
350,8,551.058685754888
156,9,547.146323917318
94,4,714.756121308283
213,13,626.73351967217
73,8,534.734491315136
132,11,700.576799068559
22,3,428.439259637631
69,8,424.642136857334
68,4,742.849157430446
125,8,475.831323766664
65,5,434.979919678715
128,7,549.790380683478
144,5,338.215395003376
109,1,489.130615077071
41,1,344.791561712846
113,7,589.111113565575
253,2,422.097543012943
95,8,444.117947958814
24,3,501.227140132391
345,19,471.480906204411
88,3,474.208969465649
155,2,587.532662594323
222,11,619.620256482262
82,11,467.304219281529
10,25,319.534222482779
26,341,530.388546997474
113,5,529.854297718803
203,296,621.763821338322
242,8,688.869301999844
23,0,311.041348242297
118,5,591.749984566949
103,4,742.941605359958
33,5,599.685482233503
16,3,938.365719882468
118,11,598.799285114362
74,3,445.407531198343
104,9,1055.25914343984
147,6,505.47408749481
245,20,817.738339547745
84,7,400.064361893042
93,10,614.412446343282
39,2,558.417297501893
422,98,628.91434247298
332,26,502.161567423732
77,2,533.651411368282
325,140,579.801411882542
53,5,258.646621148459
153,3,532.644217723992
70,4,389.23392600071
133,4,582.744053558209
27,2,393.389353489868
11,2,540.8399799975
94,5,259.847582933868
213,8,2124.99855437238
49,2,1804.96692476819
69,2,301.327043192302
1,0,23.6679680237962
32,1,188.601881302023
115,6,431.953024855401
36,1,499.622761834682
58,3,506.714013666405
99,5,1005.68170352308
72,5,308.48645969588
22,0,208.400837378953
15,0,292.364411314985
17,2,362.569534935969
93,12,681.280379991364
143,5,474.775626231354
191,7,693.188884420494
63,4,376.426687057924
32,1,375.718967587035
67,3,428.601075056989
136,7,558.135314297078
47,3,1085.21391174271
1,0,154.869112438547
110,3,808.651044998934
116,12,639.359689693023
13,2,465.610305041884
45,5,350.041991458352
101,4,503.598693664272
25,3,394.301725859934
122,24,520.544705921735
136,10,675.133694898152
2,1,255.093805777748
15,4,403.052448021462
78,4,873.424899528725
23,4,555.217549601145
6,3,626.799284625308
13,5,434.078116269788
113,12,923.139534883721
45,2,502.7365356623
33,7,640.980017277439
81,1,548.553888793645
48,4,601.552594670407
80,6,574.77461676564
7,2,261.45407486631
196,8,682.078761571047
57,5,600.889534136753
25,2,420.733141118052
83,2,798.619381390264
23,2,742.10432905288
64,3,655.288932472556
35,1,705.039406345957
86,6,693.322563855422
73,7,400.032930364086
42,3,596.678110859729
104,9,587.468212436675
128,13,784.689140583148
10,8,655.022701653307
102,9,386.747719311752
79,20,951.592773892774
137,16,557.604631252803
93,6,463.785348554161
25,2,501.030559736759
13,2,745.832248171146
25,4,460.904214746724
45,3,532.311728077927
98,7,474.089394588538
44,2,466.955182779017
80,67,580.480841198874
36,1,389.091366303437
82,5,477.269503674474
43,5,462.754633377359
18,1,672.600946465543
11,0,477.644567456231
70,6,709.463015515184
13,3,906.215109182151
165,6,504.215201759371
47,4,886.398194653397
0,0,750.35
15,1,668.444843509492
40,1,672.364491728676
0,0,755.266666666667
34,2,493.713181924608
73,3,899.516765606788
263,11,536.595634631719
82,12,926.352432237199
23,2,565.464674098899
45,6,490.548616419508
16,5,539.692836869197
9,4,749.153294129373
104,6,464.468263651242
31,3,420.342540150516
132,10,596.794421908346
48,7,914.897674810802
21,9,577.901982193852
56,0,873.528725974162
29,8,662.052872662875
19,1,647.380130927105
0,0,79.2885414765699
71,5,716.563433441558
58,8,900.462769285778
48,7,623.637445579645
113,11,598.746284027325
30,1,243.51029353645
63,7,853.509822917136
47,3,694.250483495947
28,3,583.784020417568
3,0,360.168854263697
34,2,535.982283464567
9,0,329.385907046477
78,4,687.766859618594
56,6,540.237669129642
84,4,483.377935268951
39,3,591.832052824833
78,7,442.006243496358
43,5,465.204664570231
32,10,594.268223875002
37,9,464.506271495044
77,3,618.316728083345
36,3,416.537989901419
53,4,501.027024331871
82,1,615.936569701549
30,6,366.355150600244
42,3,674.652691887959
121,4,684.778226264923
125,8,661.342997835976
34,2,547.303499220638
14,5,346.6802672148
14,1,234.138087317085
72,8,556.736518496119
53,3,494.48323624943
1,0,861.333333333333
39,4,509.703017832647
15,0,390.125757854125
30,3,430.046980223056
75,6,568.434917880755
34,2,592.345298833819
32,12,729.035181193314
9,0,586.932057726609
33,7,560.010006608137
58,2,1067.1137528926
32,1,591.819512757455
24,5,1030.55888413378
39,10,548.984559729997
68,5,612.434075703419
60,3,611.601792130211
18,0,620.456915056731
4,3,425.592080629857
4,1,487.717071830792
24,0,448.697289674623
9,1,326.439538292415
47,5,689.270800850461
170,4,466.008861017075
62,5,472.981712039078
19,1,338.621795149885
15,1,496.163219512195
55,3,689.637234969503
61,6,452.410408488979
60,5,653.744461442575
75,7,561.31910497717
105,3,518.015152817779
248,14,1507.92433752987
99,5,360.780360914804
163,5,1261.56718559961
18,1,170.258224157443
59,0,528.137260257344
123,9,580.89691873337
37,1,313.03243724216
81,9,411.087508545756
27,6,334.712623751084
190,6,508.247313878823
149,10,622.154533288186
3,1,181.732094288305
53,2,610.719328868624
91,6,844.064256349609
43,4,207.392122132254
207,58,624.35153654485
122,5,652.23278704077
233,20,636.363902755539
205,13,1015.95691955022
38,4,561.499076664801
256,11,755.797417599887
32,5,916.548343033614
28,2,525.692331661993
81,7,650.490331920174
102,13,584.655486244402
7,1,425.782264449723
46,3,321.634589206057
35,3,1217.65064345193
124,4,512.080309901738
58,2,669.358861233663
63,3,422.301191904239
157,6,721.534518471309
52,1,789.260545674644
131,6,702.443822843823
45,0,269.726658649028
44,3,397.548938789213
50,3,576.925555630615
145,11,873.091103827393
77,2,372.269126078647
208,1,786.959936908517
120,8,525.883648958846
24,2,214.46428304286
46,2,391.545520609959
170,2,375.249869671572
123,5,552.630363395562
52,3,364.405329415639
134,2,488.664963453475
28,1,494.76049544453
124,4,944.423117223314
66,5,837.22893481717
90,2,184.877711834821
53,9,545.869950679294
129,4,538.317124421616
21,1,271.727719803287
127,6,527.683677516592
19,3,555.764361274772
54,3,491.245015171218
22,2,645.973101888277
4,0,236.557334326136
11,0,263.491965070015
60,2,490.956271957016
24,0,417.78162712421
3,3,324.944765799457
20,5,609.337488072519
371,11,445.442044619904
38,3,880.581862895789
114,4,403.956118779011
0,0,657.742857142857
5,0,172.484708749462
2,0,596.3
46,1,353.121242854509
2,0,162.247097903347
25,0,398.902310540865
62,2,414.398899587345
46,18,480.435603990161
88,3,499.024040427645
116,8,432.037831102023
22,1,290.929716341885
28,2,596.794302248888
92,4,380.647392392845
300,7,445.131662718389
170,4,495.919664348018
19,4,260.834337230038
228,12,416.965943627961
31,2,502.978360430501
65,3,608.463978105128
159,9,418.055664680942
159,2,603.25955005063
26,0,361.408893970394
133,3,490.424630282112
76,5,600.514589522605
66,4,403.487910255438
88,7,427.036823297006
63,1,392.999890438974
18,3,494.645107794362
29,2,500.19902291497
185,10,515.667769071982
191,1,345.93316095669
184,8,674.145950706506
68,2,481.324333000428
102,1,448.71559152458
67,1,770.574814014879
230,9,470.034973863737
185,3,373.719707915186
242,9,1147.35278794368
314,7,856.505560065458
133,5,742.589300665403
10,0,716.144415532426
79,3,456.472269223538
207,2,1147.20848176724
114,5,479.470794100492
132,6,6255.91837034465
33,2,397.723094985185
70,2,301.480782396088
65,2,627.40017707955
53,2,461.951029834567
178,7,509.510781004794
185,5,2445.14030541047
1,0,130.249626873515
115,4,591.115201271186
1,0,66.5151589784006
108,3,318.93339423873
108,4,501.485116780075
1,0,310.82601616561
156,2,1102.89259194549
0,0,48.375
0,0,41.6603241719521
121,5,684.159166115155
5,2,485.001763030604
0,0,209.998557243486
35,1,792.20335867243
58,3,397.959443674789
59,5,491.726471191306
7,0,370.714652132094
35,3,522.240784965217
62,1,407.89907600924
67,1,650.445507784602
74,0,470.262593178225
78,2,727.172988620483
32,0,474.958481247106
43,4,501.393761064064
6,0,395.279079028346
42,2,608.016192161278
81,0,507.84022701866
45,1,425.625824161038
191,3,594.117511520737
146,5,497.965572056055
59,2,670.574451721743
103,5,649.855898162062
146,2,626.150791227802
70,1,536.975296759705
121,0,504.76557108245
65,0,774.582018735553
174,4,693.817418162248
40,1,958.636129929833
47,1,817.010213057076
177,4,529.898909077439
113,2,405.057405860379
119,4,658.439688461287
102,1,533.080087595808
38,3,146.938049960382
116,1,465.81418483385
1,1,275.003482982047
86,3,812.609331985922
0,0,37.9463965119261
108,2,605.651195499297
278,4,533.247969241369
170,407,565.284106709182
0,0,33.4677924470372
34,2,690.386392485402
301,182,552.135123266407
82,0,671.282719274127
58,1,237.493786270347
23,1,192.499211326126
369,3,795.804217711751
2,1,73.970093542004
49,2,199.117266093865
57,2,448.37191681123
196,6,323.602193539528
86,5,482.512292886885
111,1,476.575186811494
245,3,494.61186923228
38,0,360.706037514654
11,3,414.111797711603
93,2,344.905673831109
136,0,758.64625656604
69,1,468.375663455868
154,4,573.959585359974
69,105,362.004064675096
162,324,805.440495979917
51,0,435.470384165936
310,5,497.01054926602
49,0,358.972048885694
29,0,302.873140506904
84,6,397.339354331185
162,4,644.425243066446
167,2,528.119525371407
187,4,1068.74798960529
89,4,538.328611672159
114,298,994.575872134756
30,0,631.422169651909
21,1,618.985945581291
58,188,763.296813170216
24,0,430.604574212785
25,0,685.237844851134
27,2,225.807693963661
11,1,275.19341332772
2,1,111.67039411815
6,0,164.390671677749
149,2,624.032304593271
9,0,254.560304626938
65,5,511.150914751031
0,0,103.555795079888
47,1,423.914168083773
12,1,301.460860638207
81,3,520.679594661652
85,2,697.794328249525
8,0,211.009033964713
56,4,577.632127300983
17,0,406.610200947139
44,3,417.970534892157
13,2,593.26671950857
97,4,307.528010275072
66,10,395.332635200838
78,7,649.425950572823
176,6,630.440409993594
116,283,784.979325732299
69,6,698.920780089863
68,5,796.475443904526
25,2,975.111167448346
21,6,369.904841856877
73,8,846.70914184004
93,3,634.698086524864
82,6,624.813473354552
305,23,718.33096194551
42,2,714.360646009071
115,3,674.937053320276
98,87,608.211309310172
10,0,1040.01406064713
51,4,600.284828040789
104,13,713.678150348991
79,2,989.423892768837
59,1,720.715527526845
7,1,955.1253047294
59,7,987.557447182583
211,7,640.956855510593
58,338,781.856571418927
27,1,521.058861849146
25,1,496.221204304901
122,325,642.282698447189
68,100,595.723724051393
82,7,664.157920742252
26,2,483.458510020979
320,413,688.902509225758
30,0,809.069332726261
0,0,563.58152173913
0,0,590.676923076923
2,0,575.714285714286
52,1,608.622229798841
66,510,837.010995839412
17,8,634.573608006996
8,1,275.571961222968
8,1,413.841610667787
139,8,464.133023938626
40,4,557.486839434333
48,2,631.711856400567
162,8,613.530306399253
72,6,694.149573729807
118,4,579.062090505601
35,0,834.58742915544
18,0,345.957956600362
39,1,484.745577135356
56,4,696.645759067504
44,1,615.484024436395
5,0,238.214822848879
60,0,662.591081009763
1,0,268.531219392752
82,2,562.996913354763
2,0,809.308860272919
76,0,485.487715051439
70,2,439.625066231014
7,0,1017.16405810157
73,4,709.688728979875
10,1,538.767615786628
35,3,550.577851144446
70,5,753.581167254718
25,0,299.228096394545
24,0,445.179501915709
158,248,1056.3752307818
23,1,275.950928285402
65,2,331.640106137445
28,5,471.20707729075
64,146,829.342507259184
57,2,361.622161987417
36,1,500.790254545455
25,3,1022.64173465213
75,84,462.496314638912
0,0,56.7635707844905
5,0,799.723007829095
123,2,364.01977456219
118,193,739.228608828208
50,1,338.35681129521
51,3,481.324322970163
122,2,489.83537962
268,5,507.109074327405
13,2,455.897398110792
5,0,107.425292290599
161,114,1010.11549226786
99,1,398.469262925496
6,1,717.171666991363
36,0,290.513943526532
6,0,517.194351610415
59,1,501.620132674849
45,2,424.924048729132
25,1,751.338336875664
19,1,154.783752425534
62,1,521.13822459893
22,0,838.09537939805
2,0,208.368816671918
18,0,364.550167360601
158,5,562.353355569613
37,0,332.468590475747
128,3,521.647361428496
2,0,161.972500229547
47,0,1195.88711120286
94,2,760.202727997504
18,0,622.892964723208
58,5,292.442373324735
23,0,675.027467746207
33,1,826.989330373324
25,1,721.657285992872
61,1,706.865379644208
12,4,500.875836015111
25,0,742.763774889801
66,0,535.47395365196
19,0,1307.84582323121
4,0,355.366776099803
9,0,1225.29212205677
91,6,472.033288855771
47,0,309.737892218939
21,0,531.484275778651
8,3,634.523627228137
4,0,422.86033430279
19,2,1245.45832703985
37,0,1355.36600005457
25,0,344.719422977846
48,0,695.00129168062
10,1,337.187116808663
2,0,831.601145038168
32,0,411.983214826903
161,13,931.818014625389
77,521,522.431989491517
11,0,411.554970922182
28,3,523.548595607705
4,0,171.438539205156
21,1,239.573442403663
5,2,227.474882443317
93,9,705.582492227759
1,1,55.8446438431806
247,15,629.635183688572
92,5,538.054282868526
57,2,278.133653687607
15,18,251.177891997608
15,4,447.972101592315
0,0,19.2237611079977
79,2,541.697069001678
134,0,352.047184170472
7,2,81.4284975193017
14,0,141.206475245185
100,5,495.475332642973
170,91,874.864767924997
40,1,466.153928593944
52,1,505.279010047186
1,0,22.6659877131312
25,0,199.96841290893
29,4,480.688400057604
174,2,714.642596929482
130,5,442.852338096771
34,4,398.417732366513
141,2,770.320036775609
64,1,583.624604158061
221,3,587.29837290173
88,1,503.229448509111
62,71,648.464688772542
28,0,609.28552182504
34,0,503.335768684652
6,0,159.649980044472
79,1,482.104567734603
39,2,402.151035712653
17,0,581.158234275133
3,0,269.596655545283
18,0,387.008631824339
102,156,539.442017776146
38,3,547.329457807233
62,0,479.608440113226
80,1,518.885421133231
26,53,319.125012704543
48,2,497.564769734217
72,2,1031.60246319104
2,0,118.839034600039
119,145,328.607959824526
33,23,121.706440951927
30,2,480.280979202773
63,3,694.901615005196
32,0,888.465643294575
59,0,639.804791096039
84,0,804.908908113163
27,0,716.769068858374
205,99,331.671596443412
1,0,41.7838719153937
0,0,34.5377413267528
65,1,485.717884695054
3,1,330.337589272701
0,0,453.682519001086
10,1,670.141315079313
22,1,525.407613193049
0,0,106.66904212252
19,0,460.239695878351
8,1,322.523529166145
146,1,699.593172316091
58,0,617.461752879943
46,0,392.541568196177
11,6,212.698393517202
58,0,397.347737514661
16,0,361.094966838914
0,0,129.332392378264
8,0,389.15387345816
0,0,134.244811243667
32,6,314.182720232333
33,1,351.396645512239
9,4,897.449523275379
88,6,548.567467982052
28,2,579.760534337457
17,0,616.481223922114
35,7,577.59934937353
65,6,366.690440263585
24,2,292.483911904372
50,3,596.167494580925
25,1,606.821922135355
57,5,602.09122718691
2,0,524.725806451613
0,0,519.883040935673
0,0,513.8
1,0,515.399425287356
0,0,526.974683544304
0,0,523.761140819964
61,3,550.847188504691
165,17,754.746988063378
41,0,572.543607293728
19,4,242.044445111338
100,3,448.520915947438
86,7,434.769866426742
48,8,381.139141636167
9,2,239.030234860074
37,3,417.872055081575
227,10,550.765999849022
2,0,157.008780682498
35,8,412.665684009242
61,12,834.816097775077
40,3,711.80641280154
100,11,415.678376919215
44,6,667.450399937265
203,11,578.262948895028
40,9,363.035803361227
16,4,429.631450503616
24,1,517.90500972507
31,3,575.803314545302
239,6,547.758186770264
104,8,478.632455678746
37,2,810.054842901409
52,5,570.845998722818
64,2,336.27012500509
75,1,395.012930563746
47,7,411.623974628005
62,2,659.16763515409
67,0,362.922852908292
136,8,598.533033099654
96,8,449.473152110702
46,3,449.305194913697
95,5,717.837809917355
18,0,718.69028456453
79,3,546.45278053915
75,5,546.121645987682
10,5,669.383745645628
39,5,755.135517469201
22,6,484.885331927863
113,4,547.937857528332
93,9,569.892689590711
99,12,531.843000773395
74,13,826.570459026338
20,3,673.012379344674
32,0,401.263712893221
20,3,587.70828
13,1,581.07029658934
72,5,494.85133767449
2,0,53.6901312878006
18,6,371.036017125627
31,1,188.94817825956
50,5,593.141979102643
31,2,639.853648184589
31,0,517.400309553961
51,1,1006.60271774557
21,283,426.576716360612
69,5,598.32328333459
22,3,651.843344530067
63,4,508.29663470945
61,4,651.463235802725
42,5,495.182973720947
3,69,392.679684006558
23,2,260.125808860129
18,0,343.748910778557
20,2,893.147612517143
22,0,455.058828530137
23,271,549.656221174541
30,1,490.694035206214
25,1,905.566980371068
20,2,737.684132609573
18,0,645.972262773723
27,1,452.488149445417
6,0,392.461702476628
14,1,396.814487971454
2,0,424.989230327398
103,5,745.229739982068
167,4,593.494378174762
0,0,67.9397265414292
27,0,287.086431037985
132,2,550.001944929401
71,1,505.223448687351
4,2,193.198467018892
163,5,498.973125777393
127,5,646.684117154812
16,0,509.596107640557
153,3,837.408162653312
31,0,617.911128849864
129,3,364.895920929398
100,3,331.275965265933
10,1,439.378583765112
215,2,1207.88477680275
128,3,378.347944070881
189,5,1219.33893950012
171,2,973.5450333371
2,0,127.739250625724
386,6,435.556774598286
65,1,370.056828129559
194,3,632.926496693522
80,8,1123.49602299118
114,2,1372.73327089444
6,8,996.524442785901
151,3,1608.16922329704
79,0,542.811024295654
146,0,614.726523791375
93,3,704.025382882241
43,2,456.510209733867
8,0,290.833867898886
3,2,246.497903975896
47,1,517.949136210338
2,0,94.9642037725122
196,3,456.296638379054
72,1,721.462236352357
178,6,667.980712703845
117,1,454.842329604524
41,0,295.518680406329
260,2,741.260515581661
105,2,537.204295478206
61,2,935.18234939759
15,0,126.641556057611
221,3,316.809301266083
1,0,38.6020408163265
23,0,296.136029411765
14,0,120.412851321701
461,2,809.058965982043
22,1,345.133015388055
124,0,509.577995305971
85,1,362.415844511531
31,0,245.534293529066
252,1,662.06305876444
0,0,48.2489087486295
119,12,223.814939339535
109,2,374.271622587563
97,0,148.95732620855
18,0,324.409461462451
92,0,744.556245283478
24,1,123.919844611223
164,2,496.569270792887
158,311,197.141480671512
318,1,549.669518792207
79,1,477.161824129305
53,0,112.408117758109
4,0,99.6566011235955
0,0,42.0902271122617
179,1,322.68814706328
70,2,507.684629414691
162,4,525.526728605444
53,145,291.692312143746
13,2,334.072061510878
72,4,611.120607985009
1,0,291.205727376861
1,1,384.302956521739
3,1,210.505024898144
14,1,418.965485362096
9,1,907.149480528659
43,0,693.485978835979
68,3,550.068897964605
50,2,124.214382519707
19,1,453.8218458994
116,8,331.071752265861
12,1,194.355865342828
39,2,590.630904933028
118,13,551.006902899218
34,5,1639.52699185152
74,8,290.73480536416
135,16,615.566815135956
101,12,427.132741072969
47,5,497.805773316727
118,18,525.685594720214
45,2,557.428559216994
269,4,434.382618475381
111,6,791.344983003903
41,10,533.699715897394
57,2,402.179430262671
134,5,731.680659477306
146,4,670.179025677946
41,1,475.569250447685
112,19,513.580690251093
170,14,594.915824363948
48,6,472.106237307804
226,14,852.113245931284
2,0,93.1679907219484
19,3,313.116688750353
12,1,368.116569428238
43,1,600.290059683062
80,6,879.220380372328
42,3,402.750050775168
25,2,549.321128208895
50,5,922.44514448629
33,2,457.855408501761
39,2,395.128859988063
201,15,657.615310628844
79,5,621.453724405743
51,5,357.146967144061
1,0,212.420449694037
95,5,463.030553886552
46,2,203.177176434204
39,8,682.072161975081
22,1,550.527070564199
249,8,710.473536291883
71,2,599.496938615312
63,8,707.437700080032
113,4,672.409413239223
19,5,366.851611842105
4,2,677.485903153871
101,11,528.800406036739
36,8,608.864748092375
1,0,49.5071447190692
254,7,747.418561039853
13,7,409.031737411479
386,25,647.102379199147
36,3,685.41156449722
168,12,507.457371937639
199,6,549.349255447279
61,8,591.680449820304
49,2,216.751071992778
100,10,616.591062571315
51,8,684.160272330222
0,1,39.8407747792284
4,3,728.958943031681
101,10,612.992201393308
46,6,506.374317580467
112,8,609.229174711272
6,1,368.506234861398
211,11,460.533788895668
78,1,643.992852874937
0,0,57.713858888102
44,4,390.387595123565
53,10,733.068693016578
61,7,497.867676058692
25,4,428.802922640951
9,6,539.55272226051
42,9,497.682095543027
0,1,58.8505779062014
0,0,31.9640816326531
9,0,520.69825604975
34,1,443.2125577354
47,0,474.455532976168
35,1,295.366718911273
4,1,90.6154297639233
27,1,218.141078838174
16,2,397.636726325705
65,1,469.201092185672
42,0,296.057227722772
83,3,446.188356465214
73,2,529.938264147799
18,1,269.930459722338
25,1,260.27266461669
0,0,46.1687130260074
49,3,560.010682492582
112,4,305.499369235513
21,0,319.296598256958
30,1,333.605996131528
46,1,355.75470611525
6,0,81.3844869332888
4,0,81.7614132772006
15,2,139.456690605306
34,0,473.919554715396
96,1,401.902025118026
32,1,294.429517283856
1,0,74.2266678495387
4,0,56.0898297908375
1,1,87.6284428688301
4,4,74.1163610567725
63,6,266.17646082031
1,0,30.1789620560832
1,1,36.2768253653212
53,2,526.65407960199
0,0,49.5756050593024
43,3,430.658558477695
41,5,716.68486654101
51,4,574.685172794747
31,1,228.856736503453
56,4,558.655041105563
8,0,111.343904291682
38,4,591.800627396305
138,281,664.574362319096
0,0,53.2856882904194
14,1,295.456028549579
28,0,225.714632085522
113,4,545.189731616433
83,4,408.707804432014
21,4,333.743344742346
48,2,452.0416391881
154,2,625.960839435146
67,250,735.487662151655
49,4,297.175358954264
76,1,563.348379973672
237,8,888.709148598625
42,0,409.104879691422
29,5,431.69489678552
30,3,579.735758224124
71,2,689.999409212215
64,3,961.657376270195
9,0,303.037661775959
52,5,315.846237808528
94,7,628.626366003297
27,0,551.522104319235
83,2,407.911855128231
54,0,629.847018329601
30,1,672.823453050627
35,1,702.100977048576
116,4,430.169923522056
10,0,382.460371507616
17,44,390.719896779913
41,3,469.864628898927
20,20,391.343186912094
33,1,413.316051710207
35,2,569.987770394458
177,1,443.955226330244
35,31,538.480131046444
121,3,283.80067766647
30,3,310.258571260918
31,0,469.545671964203
13,1,303.094265071122
48,347,469.045846572855
51,3,381.916137558537
0,0,139.029505220154
6,8,568.06390542328
19,0,394.928433268859
5,8,514.59471610146
0,0,105.423494397759
4,0,486.014592274678
0,0,13.3633814102564
4,1,45.3546429134479
95,5,294.411596899225
84,3,245.654038632431
0,0,62.922983503694
76,5,272.877667797236
53,3,157.670206587572
73,2,637.142336884381
1,0,19.3477787192834
101,1,467.798822475362
26,0,481.912339910003
3,0,30.7159858153186
37,1,295.721090703023
5,1,79.2282837224743
60,5,297.80939214585
56,3,389.150629184946
172,8,495.265514822609
26,4,294.793500263428
91,2,361.447643623523
46,2,478.172627774558
10,1,129.004022526146
34,2,405.408665360331
10,0,372.16717083267
30,14,450.201146450413
42,5,412.834519784066
122,5,840.724912993039
121,420,467.113876430516
26,5,393.312644226944
32,2,447.938563863321
81,7,600.83466728711
41,3,389.677256413665
88,10,584.438761290323
29,123,607.163280238645
47,60,705.37110083056
34,3,397.046805278648
17,1,321.484406878461
109,3,654.311044393916
8,0,358.196231215711
40,138,411.632190483
63,4,393.821811076804
18,2,163.093529411765
63,76,625.581109810966
75,301,490.639683005577
0,3,87.8914321980114
5,0,498.159780155069
70,6,406.228325080773
81,5,446.888359344638
52,5,280.389102177843
125,6,306.990344113657
104,142,680.60799800206
51,116,285.923520024318
20,1,196.211111721411
60,3,369.146614420063
21,2,383.364588471901
4,2,133.691926392209
20,1,466.428633124595
113,4,317.589060894701
59,8,567.073491918696
19,3,538.809091665973
53,1,532.168330711892
148,9,617.726340715227
10,1,217.932330827068
51,5,596.10929680648
113,1,764.474130619169
28,1,302.224064760697
29,6,340.939482765018
5,0,122.623532586695
48,2,494.241710482917
105,7,344.719013092334
42,0,577.186357973422
20,1,518.137356748289
32,2,420.462224620659
18,3,195.508474158743
136,22,511.514453666438
17,2,302.860994835553
43,1,533.677969148898
68,7,411.279708124515
104,287,840.482901028836
27,1,342.574815199815
1,2,384.893006939678
76,3,703.55628738165
8,3,412.489358553118
92,243,631.650698832972
43,12,845.547651933702
51,3,348.803006043076
35,6,371.147442326981
17,0,580.039207622181
24,2,954.521807109941
33,5,530.79438349333
0,0,41.7789239023653
13,0,372.122853283592
0,0,253.053373615307
8,1,659.264194226725
5,0,145.690419635788
6,0,319.405812497629
103,0,506.339319604566
21,1,405.601403508772
43,0,325.642726869424
21,2,521.35773961476
26,2,337.168174331002
0,0,72.9168853893263
87,6,479.926334688705
16,1,385.176666953825
80,7,745.998718028245
128,7,434.323436499907
96,379,588.959973217494
236,1,536.134462280542
80,1,443.500295414262
24,2,890.422938470769
121,136,477.595737580921
269,399,679.021084056349
260,34,444.414154839322
167,97,722.55646081519
151,152,497.957573819422
2,0,205.983275734387
27,2,318.590924492402
100,696,1035.93742439751
16,5,157.540723643436
44,242,612.476800999229
96,89,490.35103926097
17,0,341.942248268514
156,12,566.553263258079
0,0,62.7516647321156
38,2,603.878124109094
70,2,478.572095857027
83,5,449.926458868326
94,19,708.17079075617
54,1,441.073913193367
80,4,239.147979421801
78,4,673.088160877128
49,0,288.344641707295
20,1,252.935711617482
6,0,64.8557942595356
9,0,88.0283505154639
65,1,599.860733681516
72,3,615.110555577777
91,1,471.424848057614
37,3,506.292882271419
70,4,759.419714817111
58,2,513.880961332678
0,0,38.8178855043262
3,0,366.337244847648
1,0,78.3713408090004
1,1,142.870653362946
5,0,399.541615289766
0,3,395.189724090865
11,1,203.947272930274
6,1,259.002249160216
0,0,46.3739236034445
135,7,709.174863387978
25,0,519.184316085038
72,6,528.399631159043
8,35,279.351136731273
61,7,533.916825504582
12,0,192.579792129053
9,0,238.751882985013
53,3,396.230409952657
40,2,605.176281218132
11,0,406.453732591425
3,4,282.097008826414
16,0,375.881339259691
47,0,430.142609482174
10,3,458.452730946078
15,1,282.961138807136
13,2,608.83370238149
32,1,495.332399525913
198,15,781.362276005076
3,1,322.525878594249
44,5,422.060401407781
75,4,648.229522389496
13,5,139.977618719459
18,2,196.56546146694
15,2,372.669822458845
31,1,413.595102639296
40,4,403.023174931129
63,5,395.023920134427
117,5,456.472991390486
56,2,623.217149943897
36,1,315.654724486106
42,1,663.229243053858
59,5,1079.6814985296
46,9,854.252346145865
76,8,451.184295740824
21,8,540.674054677515
85,11,503.68933128868
25,6,367.625719806031
40,4,418.801239244895
86,10,528.425554073346
71,4,487.272640676548
65,8,382.380086946773
209,9,361.873747588816
65,4,557.545172265715
55,4,559.462325816011
14,1,902.774492340577
68,8,765.614538915051
34,3,705.253244164932
111,8,895.200130576714
115,3,559.732391414235
88,6,483.290426334235
58,5,319.458853539799
17,2,621.416855009931
91,6,824.638628116587
0,0,80.8663028649386
49,5,643.718376449599
83,6,319.808888028896
18,1,274.460682235773
94,1,401.868595570793
20,2,538.694047848736
47,7,551.410652624309
57,6,398.645224571728
95,6,450.56222759436
51,239,402.38016473582
85,12,413.779575367718
6,0,624.728569113596
58,4,638.895854021847
72,8,361.701554962243
57,3,490.040026273657
133,10,513.260694006309
20,1,472.215180545321
1,1,35.3378665533362
122,11,433.864639686642
151,10,521.359778315319
17,1,136.041430446977
7,8,186.407484113909
143,286,703.742692874989
0,0,28.6838588235294
64,4,372.541823360555
116,2,272.85684491917
5,1,555.657138319835
3,1,141.392955406738
11,1,444.879677446664
1,1,19.3309216413141
20,0,563.770759543487
11,1,376.126335787224
88,4,650.538427377945
66,4,469.191547375596
241,10,480.66964320683
82,0,464.261503330162
4,2,198.716817740369
424,15,565.900446279891
108,4,436.683251059198
76,3,353.283957829886
104,113,203.754338765519
186,9,523.054129058332
167,108,416.107325106699
76,6,716.885408445146
42,3,526.577593998554
143,4,440.295611069371
39,2,566.867120795036
27,1,630.698499711483
65,2,628.213310763609
254,315,551.183674864166
62,393,732.739376770538
23,7,395.091953519925
194,27,520.275194039118
83,3,776.711962046764
119,15,726.99887076284
248,13,590.132265657718
47,2,293.993095120139
197,6,529.016387875739
51,6,410.283611825193
42,0,398.67336523126
314,23,609.386026182609
1,0,1165.12658227848
0,0,1139.07407407407
0,0,1180.90588235294
0,0,1153.36893203883
0,0,1183.9756097561
0,0,1150.82142857143
1,0,1180.99224806202
2,0,1168.51960784314
1,1,1155.83870967742
0,1,1145.5
0,0,1159.51315789474
0,0,1165.86111111111
0,0,1156.72727272727
0,0,1130.46666666667
0,0,1171.37037037037
0,0,1167.14942528736
1,1,1121.53333333333
0,1,1145.07777777778
2,0,1157.09230769231
0,0,1149.43956043956
1,1,1124.26923076923
0,0,1143.09433962264
0,0,1154.16279069767
1,0,1177.97727272727
0,0,1150.75
1,0,1147.19047619048
1,0,1154.54545454545
72,4,774.306859515967
19,3,346.515541264737
26,4,403.861212773592
93,7,616.886893112785
200,13,487.568345766362
145,5,586.956512697276
279,121,574.84901032989
144,5,463.506039072697
106,6,428.58111833038
67,11,477.557259713701
357,5,625.258802177858
93,4,302.365258067907
0,0,156.523522316043
42,2,224.28399029715
33,4,420.935635123615
179,6,642.984669995319
8,4,363.456773127753
70,3,365.929437412409
13,2,388.311848174153
121,8,428.136465452875
75,10,679.751356638062
152,3,608.96584742342
96,8,534.391448931116
173,5,295.465728551975
95,93,719.990623451011
46,5,289.154449139568
18,3,504.449206203542
39,73,542.253817630876
141,116,549.507667031763
177,4,410.473944528588
116,3,301.654679943101
32,189,628.472257734595
4,0,188.843885281385
169,10,576.174371611631
50,13,666.772913534389
42,10,510.848525788763
63,5,439.147248636009
92,4,431.266909237922
14,3,157.757638785718
75,3,308.908470877097
35,0,469.735329533596
156,6,398.3410908549
137,480,422.800639322858
46,4,391.258883383943
27,2,514.006036276262
25,1,367.139491817399
130,19,246.496800736588
229,11,522.672448643147
45,1,439.416607015032
135,8,471.924838699813
42,5,427.910232042449
148,11,443.842086144266
32,1,485.617965501626
13,3,444.62411659634
33,3,261.23830017524
68,2,404.096258329062
152,8,409.11521766092
289,6,669.290647341376
15,5,491.743816553045
87,7,555.542749686586
8,5,558.156296665007
155,315,550.373363830319
94,11,660.913993537857
310,241,536.04401670526
109,7,578.281474398635
98,7,504.601448033588
93,30,811.734388093722
79,6,492.182504440497
212,109,516.100519064548
115,5,792.197750973137
201,234,609.797927177762
35,1,372.758831493866
506,23,549.960163358491
71,2,604.036380119034
203,3,402.649384344767
72,14,395.354190306371
363,18,500.685816920909
210,7,511.319867471305
156,11,567.47682019847
107,4,497.409338031127
500,6,598.022274978207
22,31,167.01935074548
33,3,281.904389708057
151,4,370.947490014034
28,2,392.966284094349
103,5,794.612529476497
40,2,774.373995378229
61,4,609.854313853681
78,4,483.754897228926
2,1,720.112188243589
0,0,38.1193722075839
90,3,760.298040542619
81,5,552.008397865216
228,7,785.090124586734
116,3,611.997623777804
50,6,397.626765750577
176,40,621.690989235169
96,6,722.500015388877
154,10,538.994301103056
15,1,437.979829271651
101,5,532.132309726712
159,3,777.838915162629
59,21,758.663746069288
4,1,293.439132181599
111,3,808.332642767069
146,8,507.190381247474
146,6,560.910840416617
131,6,587.657256204447
47,263,698.618273031317
211,6,790.478885247144
72,3,488.451343509524
49,4,603.657206576876
282,10,676.990019467878
87,1,882.23347927213
208,5,725.577461915125
57,1,503.241352201258
131,2,655.625550242265
25,0,423.073402378906
81,2,699.857806560608
22,0,524.662790697674
89,3,451.67574937552
56,7,590.809873087873
353,4,888.845488330023
112,3,728.745589355841
112,4,708.067194218278
78,2,582.014615747289
131,24,720.804848339281
173,3,630.147827255021
152,3,585.809747379091
88,70,896.066395112016
19,11,859.536781995297
189,237,764.222292344985
90,6,451.586538078349
175,7,763.763188090709
112,13,676.748533554267
104,12,606.231745563222
88,357,1108.47626531084
129,4,479.434429266311
77,46,591.755808714681
120,6,621.759405131988
206,25,529.045877837116
104,4,510.610767890782
114,2,621.665286309154
23,0,233.281731774236
137,2,407.353273994342
18,1,411.858741714658
68,1,500.111936036551
90,2,572.354693403081
156,1,514.822060028883
186,5,577.130532444017
166,79,450.299090379711
127,79,532.048624811419
94,9,725.418141008714
229,6,576.035557018807
81,3,448.318016353047
48,1,912.544103072349
28,3,490.928323593864
52,5,490.706524184477
38,2,381.504767526335
283,8,593.131728478035
28,3,384.966665149722
285,8,1298.78157048829
522,11,988.828264979768
33,1,634.663005726087
281,3,526.94227103344
115,6,785.569821639426
173,6,1091.51398889117
5,0,689.084728033473
196,13,618.615640086566
85,8,689.583091444667
167,9,835.514726379527
6,0,237.55663525142
493,374,714.287198695101
0,0,299.292205536038
290,57,858.637235856658
326,186,892.895857164172
22,4,242.296228656536
178,3,803.808353409306
108,11,742.802790154116
140,5,495.547935504957
6,0,463.046636615811
121,1,678.028698613968
101,3,853.545235653453
126,3,636.798323267422
219,112,563.032676296519
498,255,708.532818327684
24,0,470.793251625439
99,2,544.225760504629
107,44,708.779088156884
72,1,575.734968158134
126,181,1039.63342730848
147,4,618.923953896267
83,1,653.788319232531
49,2,454.778646769747
18,0,554.850874524715
10,1,675.711298721793
11,3,1809.03641791045
0,9,308.020709619953
1,0,361.407108646332
95,197,561.932281812947
80,39,634.644105507545
125,6,578.492283075427
179,596,801.478865484346
183,9,643.435006314608
288,77,729.567188754474
292,60,743.406559807283
74,5,779.530731430731
74,4,787.602339808951
68,25,668.650482486133
26,2,2505.62943664562
47,3,521.280341804264
56,2,431.229249744969
241,12,756.525042662823
182,14,751.451829315859
48,11,542.819054024648
56,4,512.605372375183
134,6,887.117994183584
14,58,478.42799300175
35,24,427.513519468664
133,7,828.926464597698
64,7,609.982086406744
117,8,740.89866347245
151,18,723.305325871096
184,8,559.434237073648
142,3,750.98922672949
54,4,918.548469663651
101,9,696.085362322069
149,86,678.084541311834
86,59,533.571908957008
87,2,797.11539525874
181,228,590.116740262234
91,10,645.318435508679
109,111,575.427843305293
133,7,672.548972665807
96,5,595.750537960297
208,196,736.902363035038
98,41,697.201300208962
135,44,785.321209310543
153,130,617.715421089044
372,290,842.553113440513
164,21,840.379147934061
150,6,765.15354017502
92,4,665.995852724222
141,13,748.084037049911
49,173,499.098226466576
10,2,770.428795811518
24,3,731.755242427605
68,15,556.846026285614
15,2,601.621716209631
98,52,582.769729779118
144,6,844.988204769983
168,12,722.838823019302
38,10,527.664501303637
109,75,812.488220369699
96,4,699.652092843824
239,511,574.582153977329
85,6,523.698116833205
70,2,926.407383641342
45,0,736.421504257947
115,5,613.243309499489
79,9,1556.97186231658
226,9,1169.60601800535
51,27,538.200124936112
32,0,664.474564248075
45,2,1795.12462723658
55,2,587.964567414346
52,2,335.72774763914
17,0,237.061554936817
16,3,422.896464204446
47,2,634.075145857643
14,1,734.058438287154
42,3,462.32207403112
9,1,376.633454035744
76,2,717.825146975156
87,5,614.075615615616
77,6,595.169562940986
15,2,252.679489973845
12,3,390.805931528662
43,1,728.0101972955
46,1,768.457022026432
47,7,587.619287389015
51,4,644.321675912208
98,1,293.527794010226
91,5,564.464802585359
15,2,386.226248041953
34,1,353.602679312389
38,1,328.216218565303
43,5,399.962938961921
42,3,438.845397608654
18,0,142.725509592326
75,2,775.271408839779
114,11,519.966342091236
40,0,1010.3983593714
114,3,489.501858455975
170,6,558.842398361802
129,1,381.661421452924
41,3,338.857044694073
109,0,220.231636804911
225,4,542.243521796982
135,10,534.629265629266
113,2,746.799674699595
110,3,379.608678923791
108,17,429.380628471154
149,1,370.436103935572
120,8,458.639663100601
96,6,571.863535594055
35,1,219.406060606061
296,4,464.470487207335
118,5,427.573909183487
371,95,674.562515850875
78,8,384.777933188801
94,5,314.93415707996
87,4,552.52541845788
6,0,154.446343845939
5,0,279.898921938936
148,4,724.030799258965
287,12,688.85120827706
58,4,892.846346659982
376,15,765.251360777504
126,1,751.681144738508
99,1,690.895817435227
69,2,626.794058263628
78,8,1118.65679211196
190,9,609.848530583866
11,2,201.099797775531
72,4,443.691086645978
32,0,456.224735041309
119,10,649.261853546217
36,0,471.360726122326
38,1,577.945648981989
47,3,510.670355632927
223,5,712.332501085541
31,2,630.714677103718
54,1,559.398944523105
1,0,374.806014307162
9,1,192.138696422817
99,5,669.895081967213
24,0,760.573048408199
30,2,436.019170886247
59,4,367.103603369384
167,5,604.945971480027
39,62,426.638067290371
0,4,56.9775366096394
78,0,941.259001654014
76,78,620.550231055613
31,3,789.878931067344
92,1,561.41173807233
36,63,337.534463415132
11,0,272.939247621793
8,4,454.208023030227
228,245,552.783136443471
72,5,464.694173163726
65,0,447.176259762491
4,0,198.965705355037
31,4,337.539705849632
111,6,425.077039733091
15,0,351.980963045913
302,452,610.163063115566
186,7,313.382210039878
96,28,299.098501004
231,18,567.71879908377
153,13,477.844785793682
70,5,343.716484899329
149,69,708.367258674889
55,1,252.394575989556
38,0,168.91603421803
20,0,196.674808698284
267,12,542.710488217738
115,3,417.655158179157
7,1,51.539048276728
150,15,495.072887876711
101,2,209.273588317736
150,0,347.254994887123
296,5,350.733995007002
106,9,452.327762687018
326,19,400.013214341631
177,14,311.166685465497
65,5,259.337037454874
36,1,404.844882670486
40,8,387.573114588323
76,2,451.284077112934
12,52,192.960025380711
81,3,1037.25761389824
30,0,243.027524564934
80,21,304.783404016146
110,444,644.113881538775
300,15,829.784657785944
125,8,562.467070652256
169,316,624.240167103684
123,2,728.604829097001
172,47,595.562303472976
146,7,711.286421780238
302,841,565.792323892972
248,11,517.930173921535
121,451,882.423415005537
145,63,441.766800579377
41,1,309.053379572963
99,46,852.808697972252
122,101,543.183573755235
35,2,303.896087743103
125,6,649.602274534754
80,1,580.31614482568
67,2,561.531028340596
40,3,352.433311646064
27,5,301.18129785178
166,3,608.810903353587
7,0,342.303113895642
53,4,417.501522368262
43,4,828.969572455811
45,9,598.27164401415
0,0,191.408454020958
36,2,789.132036578967
8,1,552.362698014479
96,24,240.054757994201
80,139,742.055516866159
85,8,450.268701925944
56,5,669.172375183027
11,2,296.114553706505
32,4,326.956153035465
16,1,127.007102625694
87,32,466.939466806064
102,13,475.458750402653
38,1,745.086333512449
0,0,51.4191715314868
39,2,341.383231673506
39,4,493.847556073639
82,10,576.715542521994
24,4,390.097730937572
16,3,299.969227427413
27,0,199.655854952363
60,4,460.143357605785
53,2,289.011020721857
40,1,512.175889960243
43,2,264.928630466813
133,17,555.751112354582
6,0,208.971800498162
2,0,86.9405179360965
36,4,657.842689492469
8,1,349.450871580597
85,5,457.115716687763
56,6,741.751238375252
34,2,328.036638852028
51,5,761.977293205983
39,9,642.836659728174
184,3,544.868280229761
15,3,415.437146755018
73,5,300.968684234605
35,5,533.865835628352
145,7,637.274436761667
2,0,244.549588152093
59,0,532.806806405242
24,1,459.040344780902
11,1,268.198334865666
36,3,124.419918756128
25,4,441.254938301712
0,0,455.020408163265
284,12,630.577186112094
41,6,518.582889458802
84,0,290.381404994384
1,0,60.7708241065649
94,20,691.035957668564
76,48,749.205395787246
38,2,115.886830975645
13,2,139.404578971794
18,1,242.611849067332
90,6,492.251353585452
34,4,374.562498178533
75,4,526.018048789257
157,5,524.75145451747
211,5,151.902131686423
13,1,134.086855350684
35,6,578.903272576636
88,4,423.54556131937
0,0,18.0587253265246
166,4,712.998309750326
164,2,473.924153166421
56,1,251.659839321974
1,0,86.5193559293382
16,1,62.2403367992767
0,0,1.24742381056785
1,0,25.1538994267246
0,0,9.9450707465777
0,1,10.1850098444793
0,0,18.1763747816044
90,0,270.344644599386
6,0,128.773113804957
3,0,31.4945897204689
9,0,92.7909127392647
2,0,51.2775123849965
52,0,409.713633617507
11,2,79.7941647174689
50,0,240.380032238164
113,1,467.371959714402
118,0,553.96490104935
0,0,15.4575856443719
5,1,84.0463411195187
31,1,189.430068497161
2,0,43.5810706552848
10,55,170.789871862874
460,12,424.392787011582
70,47,584.533483258371
1,0,25.3997355663288
156,4,885.778386591023
3,0,70.7944563097781
12,2,589.54317698288
71,239,546.044893573314
64,398,664.925574688739
11,0,140.246791436502
75,7,508.436088301942
66,1,450.024316751113
192,21,415.395552418992
119,1,227.309489622765
43,9,409.605294532714
72,1,570.629529355042
138,96,688.115033353374
309,19,755.759143728449
148,4,365.842716784886
86,5,485.454691721198
154,1,553.958197688134
11,1,205.05399408284
30,0,195.268430224589
366,11,296.176249496254
23,0,280.633505783109
185,18,552.613866428981
68,0,380.867931645856
140,2,406.522325730806
99,423,763.38636153576
20,1,350.217588289963
0,0,36.475022290768
44,0,299.440042677553
30,0,203.04053580195
97,7,298.761914887962
10,0,133.234729971192
38,0,485.861926953506
9,1,80.5078487983021
113,0,158.918684322308
0,0,26.598769472444
31,0,206.143249102364
0,0,20.902349421444
0,0,14.7854597948277
117,0,631.672705685152
0,0,18.2904838850555
86,0,441.264299677036
98,0,409.302903917365
67,1,513.771937639198
0,0,37.3670314399861
0,0,19.2805540467137
131,6,615.824044145661
87,1,617.84643662123
53,3,800.121926130702
7,0,642.021971201589
44,5,487.789242792892
103,4,832.13378050286
70,0,625.593705156414
126,2,528.014355749994
64,1,644.125248508946
40,0,451.774790453189
10,0,283.52588618953
137,9,766.714864681083
86,0,340.225396137658
111,0,750.00047524531
20,1,517.073410983998
65,1,411.63182003719
82,304,661.424944083502
119,1,721.63967827318
10,0,365.115023474178
226,100,717.089447921486
233,198,1108.36693450768
181,1,392.485306481963
193,2,418.228223827699
81,7,470.582988750029
6,0,194.462675339617
0,0,135.687717632162
3,3,33.8960410345326
282,373,789.454441021357
124,13,663.065839148839
80,9,316.169891212299
75,40,306.239944036376
54,4,633.563135776285
103,146,289.613436480694
14,0,678.237789138027
12,0,83.1155984344228
92,2,359.789775730575
90,5,683.126615240996
99,28,533.827180894182
37,5,554.776996347001
75,4,331.84928332026
301,356,575.870498180449
184,7,792.912216927838
186,59,826.809090117545
150,2,431.304408598695
21,0,279.316132918382
194,15,627.27892177732
149,5,546.842766999435
213,4,557.092730045755
26,1,438.032988844022
73,1,444.79582594999
96,3,626.638945631036
77,4,643.200951321967
290,4,794.940421875567
40,0,471.538890659866
23,2,629.731328940143
36,0,417.076831044528
13,1,378.972184940066
22,2,485.937875966772
0,0,18.6836485535736
4,0,200.843277453017
36,1,193.246018246482
1,0,2.17515552099533
15,1,211.230745294963
44,1,157.431419351397
6,1,110.390704384369
86,6,410.608446688169
0,0,0.929017417022663
0,1,14.6407158692928
55,3,364.594879394931
41,2,363.202222624535
111,3,556.706102753335
61,1,272.983484968354
49,5,707.431127366184
0,0,16.258958145137
94,4,448.464983080752
185,9,552.475225723527
8,0,179.656531441779
30,1,320.924360552592
20,6,1044.40348156354
30,0,928.430768612963
87,4,287.161672176602
29,0,237.17453129965
55,0,364.141399451104
174,11,580.861287873951
78,11,692.026557951212
112,6,480.699524677581
86,1,363.757320897109
82,1,414.078862332974
154,5,498.772310224234
1,0,250.144828100529
7,1,523.144109411144
45,3,391.195583056153
119,5,638.008723196881
26,1,392.203745706694
52,2,294.397339821573
107,1,156.158354798049
47,1,323.765476979663
69,2,209.277220349612
23,0,78.4345897524667
2,50,241.433998445193
28,2,521.127257348277
0,3,77.7002897781317
11,1,84.3253076114512
32,2,63.4936506962763
127,9,145.837612009327
41,284,592.369648582385
85,673,531.824277794765
77,1,140.783287128713
1,7,234.869658501699
39,351,565.397194509039
120,387,392.086357317482
0,0,27.2790953008344
8,2,409.830723542117
74,311,546.227145799954
148,64,496.28934380258
56,2,421.674367344661
7,2,507.739935736446
1,0,88.1184980673661
2,0,57.4365665584416
1,0,36.3171496986211
19,4,789.615907810943
43,6,320.460144151859
70,70,563.510254046892
97,148,703.845727175239
5,0,267.389898523985
51,0,458.117704877749
11,1,469.821030225628
141,55,552.599774101572
40,2,448.784304854707
10,2,718.757619893428
93,39,690.825766738271
9,4,649.521733735887
58,6,622.796695623027
56,3,797.074291027429
36,1,517.666135360471
92,2,536.299563821908
53,8,553.858533263908
74,0,737.222944062367
36,5,482.004673103205
43,1,378.015497575117
59,3,677.505667809249
99,4,767.878869341767
111,3,544.679735116098
59,1,506.430778992945
14,1,383.898825503356
74,2,514.11187002267
149,7,843.39113170086
50,7,673.111706663418
69,3,526.831328751432
42,0,400.055907990315
35,2,813.292138067223
48,1,530.039074726135
107,3,644.801794261502
45,7,476.797193204601
38,1,523.370948567138
11,1,550.256585104961
11,1,626.50222243695
9,1,523.67605413847
40,1,665.178776992313
40,5,692.520822076805
43,5,776.566845347628
31,1,804.558163231765
42,1,681.693394445942
17,0,367.49557249218
8,0,545.680256700642
16,1,528.986009586579
6,0,405.386402543409
13,1,603.66882438083
3,2,536.277294840099
14,0,543.010106586267
72,2,665.812588896665
38,0,679.93738581631
86,2,434.989937124975
110,6,459.325064142864
70,1,354.320325759148
72,2,444.777055975131
62,1,500.233985315237
60,1,422.656952278628
55,0,272.491277962227
1,0,357.40492114016
2,1,471.372090414493
9,1,577.008468281088
1,0,94.1501969466088
67,4,662.691630640193
100,1,210.400302009928
0,0,62.6338468337648
18,0,582.479020789231
46,58,722.087130362349
0,0,16.3079937979154
44,2,588.174749200508
23,5,859.33827427644
26,13,748.638292519289
78,6,584.895994319368
8,0,344.321784823655
4,2,98.7203509006897
1,1,191.412046543463
23,2,333.809363610877
56,1,457.180256785674
66,203,580.792083591605
98,238,507.222495647127
64,5,535.968104850282
59,1,547.096920701244
98,4,636.615228470243
99,4,711.383721555759
81,2,577.52556442529
210,15,409.137955386713
4,2,405.365341052102
65,1,1106.5185903152
92,8,551.438053162076
25,2,208.614440433213
43,2,137.223768513276
32,3,679.222097342604
53,2,447.49679221226
36,1,492.484214948137
0,0,91.1521239325597
0,0,218.644666428826
83,3,562.491029011577
90,9,403.161802011955
40,0,293.008043610857
48,1,304.434709180572
107,0,449.42141915062
96,7,653.796132637487
40,5,704.825720322705
56,4,501.84124982084
172,1,621.819840440311
126,1,234.448915260523
103,4,542.654389056253
71,5,493.724304793858
31,3,295.489012076816
26,1,240.130887582553
4,2,101.449279957078
33,2,815.207615141606
47,0,346.52931860272
15,0,668.251055893807
44,3,451.847782007044
76,4,640.514234260904
3,0,60.625912793888
50,6,618.42717285074
0,0,27.3080271181001
17,4,339.232917045972
109,2,554.102500070148
22,0,592.147968147489
30,2,707.172695165023
3,1,113.621354946701
122,0,257.674327840416
42,5,820.265992156346
36,1,444.200651769088
0,0,25.1040231524885
79,0,453.505204774728
0,0,33.5701493042624
0,0,82.4085794506956
167,5,837.905672295448
84,5,376.173064225422
138,4,466.161658584124
61,1,372.232027860464
2,0,21.9186084839879
4,0,356.916886543536
312,3,751.672132146776
159,1,505.509475163299
0,0,16.5343045970716
96,1,790.265346797768
9,0,433.529783514858
14,0,353.986707089552
92,3,741.827390404697
515,13,475.624530958049
12,2,401.684066209664
112,1,337.82747048235
140,8,426.111457497376
66,5,494.911064156742
221,4,552.216249919374
187,6,611.413751133597
146,11,473.108305647841
124,37,614.117094049757
192,132,704.992750192342
128,7,467.395526002906
90,4,412.748091901836
295,7,479.349183956207
170,68,578.521358159912
150,161,683.301000254106
65,56,474.006968217635
304,98,611.285582282194
261,457,886.308002210047
12,0,421.361052313275
293,237,574.354434912578
63,5,461.504142339556
106,2,525.520700322517
160,361,619.65028135961
98,296,615.158973863004
15,1,369.690964505683
79,2,815.744276961245
66,29,598.369209836931
32,2,557.19835749602
241,77,576.767011342984
18,3,275.381410959135
77,3,705.311908529122
46,1,613.015991511615
111,1,696.297089337176
128,5,604.246383172679
148,8,625.016528053734
3,0,633.656711294198
45,5,362.971588452856
137,2,721.931147861189
78,7,532.444227524705
37,3,441.07707249393
294,7,657.406142733075
319,13,684.841086375538
0,0,73.0431943919453
50,3,463.603350433559
26,0,153.496952988973
177,1,500.002547211243
0,0,27.6714110148904
56,2,387.842408481696
50,53,516.322307096203
234,257,766.410799666623
23,0,92.896540949286
0,1,23.2846295693676
8,2,227.027838079428
59,0,242.25594775856
95,59,540.075494388028
91,187,887.878095668891
0,0,50.7183333333333
173,9,432.120231744393
220,5,282.024867748791
34,0,109.746465556056
22,2,108.285644778722
32,8,470.849991437867
0,0,57.7761194029851
0,0,48.8651685393258
0,0,48.9230769230769
0,0,45.9363636363636
0,0,45.8073394495413
0,0,48.0697674418605
0,0,40.71875
61,1,212.103694994961
0,0,36.8181818181818
77,1,367.323076441495
0,1,19.8427774679308
123,8,414.642314292719
5,1,86.942355602646
69,2,654.31216155694
17,1,438.970374776919
71,3,455.683019597731
0,0,42.6102490812576
13,1,645.60086281277
72,7,479.015625397633
2,0,118.065294392836
0,0,28.9229611461062
22,0,254.259998740316
330,14,504.271169567709
21,0,83.0367825426076
112,5,1051.10639732386
132,4,428.029042978022
39,0,164.38221488178
71,7,1072.85858403485
0,1,30.8890134202789
19,0,434.768496420048
18,0,157.482313328614
87,4,609.02832100278
15,0,266.436333301093
91,3,368.516648522071
14,0,238.192167631783
67,2,323.987766485664
62,4,450.521344393303
27,11,673.843533616261
112,2,1092.98597766814
37,1,311.214849122807
76,3,834.233949986759
42,3,400.983057428259
319,8,589.548520088678
118,5,593.209775692872
1,1,116.880311144119
46,2,673.187116055122
78,1,405.728878036697
21,0,352.713448452189
33,5,465.01636179505
153,60,493.75568338021
84,0,418.443548955568
148,23,882.485222442851
87,5,443.537565751467
25,5,412.130315449111
288,6,628.350511508951
91,1,471.406596419758
78,2,478.858102731854
117,5,431.720319394831
0,0,106.684021543986
119,138,581.647771374809
74,8,675.654263855197
59,69,337.630785090337
94,280,985.595711082336
92,68,485.102515447866
5,0,74.5275782672944
51,2,529.720886634319
286,1,534.838815491401
93,2,546.731926500751
224,7,514.803386607176
63,86,373.807675525585
88,1,574.877396493846
41,61,292.904379939782
48,98,302.165852441636
170,12,533.509145433664
31,155,653.254098360656
47,359,785.979405080348
73,787,1384.04831960124
118,4,475.590687034739
99,502,756.603657636766
61,1,174.171886645577
222,25,444.727302998518
90,1,563.74842370744
60,439,781.062965082999
72,5,425.803857759896
181,5,670.979784996495
20,12,306.792822545134
49,170,557.931856992334
1,0,150.897241198734
14,68,370.195614215284
53,2,360.28222666001
48,12,406.87687222702
34,1,316.08378227754
4,1,520.360388225256
81,2,589.656220998577
142,4,485.769744973453
56,4,553.534840978105
14,292,614.317462811649
51,56,562.696551961222
13,1,827.255841517101
46,2,1118.60340533105
0,0,395.37512605042
108,2,826.777035868872
67,3,582.496421229908
129,3,850.741027904656
18,2,665.389986617334
159,87,668.396069346503
120,14,571.527875128847
58,7,587.752982712442
79,1,784.801687763713
34,0,531.092295089428
78,6,464.921827712392
73,2,639.848890817378
86,2,415.287819636123
0,1,453.109088528025
332,12,630.106013312775
23,58,1183.47451972852
65,6,551.213518589428
67,3,523.319261888772
17,1,383.313842553702
137,1,797.126526458616
131,4,519.705317977339
50,1,515.110503958293
155,102,463.822241802104
0,0,73.624874932656
86,3,409.4642907058
23,1,677.810974739546
129,2,578.259920300836
44,1,525.943344743761
289,6,593.947407220595
0,0,118.687436625431
530,8,739.40446088158
24,1,626.01884501026
117,1,387.719629470708
336,678,866.312591453952
85,1,639.812807331247
75,1,600.794578476552
184,2,1175.64281094243
150,124,912.97591348173
24,3,280.438085370066
103,56,476.115672261925
204,0,714.24775170735
179,6,564.882225996881
67,1,598.888293397314
107,4,698.652161392506
146,4,619.026591380725
77,1,717.396627820481
233,8,807.302378335729
192,0,719.526128821165
76,20,490.446311821412
154,4,894.998595684923
72,5,823.318598548107
96,2,784.017937219731
137,13,532.562861682556
124,3,530.656096871466
44,1,467.24825896931
117,6,768.840507862446
67,2,632.345010724134
190,2,851.634254845885
173,1,1003.70242102011
98,141,1251.7108223429
100,83,649.46024230299
71,2,414.903866248694
171,69,558.730117820324
392,386,688.293690776058
143,5,647.562078309921
2,0,165.570038713339
26,0,628.989453082527
92,61,592.592803541543
23,2,203.843952720181
193,8,468.511777754304
11,0,305.94353274262
227,121,704.26113671275
23,3,366.031335869795
32,152,627.144963646761
19,5,518.050239860445
88,9,432.155027700061
19,2,425.823006955591
22,3,386.455534403046
12,3,304.491893850195
13,1,280.167713167713
105,100,600.413191463265
231,11,898.389312688822
86,190,627.465419543681
37,3,507.93198466382
240,14,475.500417164947
38,598,806.084733838818
10,195,614.318200860723
226,10,451.736196033757
0,0,418.169663242009
106,11,509.6040601389
150,13,493.270165520457
14,311,420.877615167138
9,36,426.751309801522
9,0,341.084940249864
113,10,521.38370154544
6,0,92.8285974868261
53,3,263.071593590858
81,3,393.985194873136
78,3,587.114234234234
3,1,460.316524551602
0,0,42.5889711934156
37,1,115.020378430215
64,2,1111.55919560506
92,2,302.492875194924
199,13,708.067897601883
85,5,281.567210460129
63,3,543.301755876522
11,1,210.274049741905
164,7,879.552562157114
130,5,863.760546930637
0,0,23.7595576697965
305,4,819.466437501069
124,5,445.821789714037
76,2,490.747496356928
43,5,577.449652080824
93,3,431.141001299091
35,1,564.520071899341
86,11,806.480845333626
0,1,37.3237696864209
37,1,397.181588447653
46,1,434.050971871513
63,2,293.064222987995
76,1,402.896047200762
111,1,367.041674222318
62,6,510.786360535137
73,6,501.008841567822
152,5,545.368539555828
135,4,518.865626897389
330,7,832.018236859452
206,2,681.007592925729
6,0,247.648809103117
57,0,505.152251864601
110,2,561.01520287622
36,3,293.389076669415
187,2,442.474798904672
174,5,427.269868881946
50,3,391.607966094365
61,6,461.561122309643
44,2,461.295059968129
460,5,595.055834900651
28,2,470.388402703664
72,3,394.433345604778
18,0,426.105036630037
40,2,435.626870952903
55,1,630.636521860206
13,1,409.461544103266
5,2,578.45288111724
41,0,389.318250835105
51,0,456.499660249151
28,1,682.928678048325
38,5,458.380209315482
84,4,549.235661699598
111,8,771.955695194521
128,4,571.895196445144
49,1,406.537423008715
31,1,363.066647556256
95,0,459.108276087668
102,3,583.365442445157
65,1,402.225082644628
8,3,545.49787708955
239,293,1262.9749617669
115,350,784.55717366064
50,0,740.880311641387
264,4,745.962360480805
9,0,667.113271604938
33,0,471.790953758233
15,30,872.824926184926
19,2,240.510679539958
65,0,362.204541306173
59,40,737.000198899423
43,2,979.648970427487
44,4,463.839285714286
51,2,879.689901218373
234,12,3638.81981738169
18,1,3163.08500571574
102,9,735.319577347098
77,4,17403.6460892605
229,3,6089.57614090721
2,0,367.576408927625
269,3,746.37173588288
28,2,2158.034171352
197,6,830.633267031328
82,2,738.48469273743
38,0,908.031409348442
70,2,1272.96833067467
20,0,345.011452532858
220,4,3413.15334083513
64,2,772.88818419499
6,0,171.827132820341
67,0,386.062352303103
8,0,335.451607161926
175,4,645.073947219701
1,0,47.4484586574474
35,4,243.559913939531
98,1,785.090423890911
8,0,209.755958718978
133,4,880.892995596372
36,1,662.577786893652
95,1,698.198780099231
96,294,748.595658978962
15,0,112.533506006833
19,2,390.494260070966
164,87,648.643048022644
33,1,196.919568499489
52,1,350.960588774981
234,6,701.125826668973
82,3,732.682206925323
74,59,741.948546111173
35,12,442.83552575015
35,3,696.760279694878
76,2,353.595249435689
113,2,690.511460785528
69,4,585.425729517396
128,3,586.024551190899
63,0,535.839077432463
190,16,580.737536865015
24,2,221.336692685176
13,0,325.70221259477
94,0,298.984697671072
64,1,614.962173140391
0,0,77.9711403396756
178,5,899.807010056283
24,4,643.1968743023
64,0,568.339011449316
82,0,594.774913768994
13,0,569.641142963862
0,0,94.1817765948599
73,0,233.502022175145
48,1,551.199773271193
18,1,507.992198035061
11,0,224.760488072388
204,2,606.669138124344
48,3,217.68961824067
10,1,177.059721203228
148,5,175.011338714418
0,1,34.310006085369
48,3,297.378616986149
141,3,544.31449829077
168,6,409.505116358173
67,1,252.687159248108
2,0,134.2777200052
83,2,383.688536816432
191,5,595.036399788987
92,0,206.208658927684
53,3,795.213908845981
40,0,235.255946837164
42,2,476.418468440401
81,6,492.230018154163
98,3,504.020318794885
186,2,303.238983406047
51,2,377.230793559517
31,0,321.936297828335
77,3,372.932446386974
2,0,73.64765466729
1,0,47.4633184630882
183,6,495.278026484087
89,5,701.180193879491
94,4,531.517064748201
101,4,440.910208303754
33,1,284.825374572855
168,5,1000.69356010507
0,0,123.374226908648
125,6,582.073187976098
152,1,853.440478392208
99,8,656.340374144616
75,8,647.071682896487
122,7,486.322319306002
121,4,344.498817094887
49,19,609.323803991536
220,2,406.594839048286
168,42,663.113716155259
207,73,728.836581063341
56,3,279.595226778924
162,2,713.318871211905
92,2,802.707119688084
20,1,357.499077831059
25,7,396.7940287226
56,0,871.151049292338
82,5,624.484239007892
36,1,694.313808606294
117,3,479.0524468981
94,1,456.16298110311
61,2,823.95710723192
292,4,626.324880084787
6,0,665.838491295938
71,5,588.362672738693
80,2,941.012339748401
9,2,488.125995041107
0,0,114.122520903877
111,4,900.344060932765
102,1,552.327322834646
47,1,709.265378466671
138,3,239.585466617484
15,1,147.545568518196
132,6,557.122866427747
39,52,617.010892911936
67,7,744.585896596859
65,4,783.78168797954
13,0,674.728206774763
196,1,503.213265878394
550,11,401.670297628872
163,1,296.795687167261
122,4,319.787995630701
154,2,769.183936065169
6,0,217.231425988549
78,1,586.386812644057
51,1,447.608036474498
30,1,335.747038512616
47,1,562.662683174096
22,0,235.535572187752
82,0,549.635093989939
154,1,565.88915021734
227,2,720.613405345921
350,4,787.476986833902
113,0,439.10755634865
200,1,539.135408635312
177,5,705.295657116284
40,0,128.815580210466
65,1,207.818964905702
0,0,109.035294117647
0,0,108.875
281,2,608.350197096052
152,3,497.992313510281
47,1,390.040920584137
12,0,292.776504297994
79,1,300.427570528826
121,0,595.816188513763
113,1,621.509555807662
0,0,157.481283960555
4,0,205.532076600838
9,0,516.246173744341
47,1,532.259427861983
84,1,323.285840802012
218,8,691.254715471725
77,5,660.881749725659
138,6,559.685755303876
102,202,629.443013087022
62,3,505.240375650908
66,3,502.274453820612
135,214,702.849565217391
183,2,484.56120271581
781,31,924.360053529609
48,8,467.192785611414
38,36,257.63393826586
153,8,576.463017258613
125,9,543.533443338617
48,0,399.881663765115
126,7,526.239061736439
112,4,467.956081012863
36,4,352.926721954081
93,4,603.798955958635
52,0,491.707085911802
4,0,463.989898989899
134,1,736.090731978848
55,4,419.335117927941
182,0,642.520439803265
51,1,538.485603570903
46,1,472.598947182338
32,3,1034.08665281667
39,6,570.451744518589
146,6,745.49577355731
52,1,615.453900906412
235,56,744.8775
18,0,420.484027989048
69,6,609.949849548646
227,18,653.814645763048
100,3,656.83591479468
160,16,801.232842521536
188,4,850.197514602146
89,22,555.037298782882
7,0,478.947830223585
493,12,657.063176131404
41,0,392.938502913492
345,78,600.596315320026
287,65,529.504780484899
46,109,495.92065519916
47,3,489.627119494331
72,5,666.276063640523
30,96,917.668028891846
130,3,461.667291285979
137,5,555.432253206374
141,5,564.236784998887
74,2,492.198550589984
35,3,302.470073857806
53,10,510.806838566771
7,0,465.838310269483
57,6,625.844018408161
38,2,316.522332759576
207,4,445.322347111277
68,7,784.180611395266
53,5,776.020418350368
18,2,382.124273054555
29,4,426.102130537707
18,2,380.232735618993
302,591,596.049769136726
11,0,357.740350877193
48,44,455.232556199691
250,10,444.818892618876
141,4,673.5500887649
258,9,406.920081551095
6,0,693.684862202104
98,91,547.229717813051
22,0,235.999223843527
11,1,524.448680935789
31,7,654.234435129907
221,4,406.038235943363
147,7,1247.85958113815
22,8,520.232790576823
28,6,565.982804929429
7,1,372.690137274077
63,2,475.374797176272
36,1,692.3598937583
67,1,1177.73047634478
57,5,493.270176276946
135,148,491.676410227966
216,4,450.713045610047
10,1,191.325300092336
5,0,256.864262901328
103,0,379.173949648299
141,4,625.934411858463
77,5,481.477866061294
583,7,662.659716764767
32,4,515.837842787163
206,1,463.299089395079
88,6,465.13660020617
104,3,645.702012467376
52,449,894.987804878049
137,4,507.758448155245
249,1,416.12389831743
152,9,428.548734900677
44,1,956.103348550396
90,5,459.13876790873
259,6,598.709310382553
39,5,439.146523149303
42,0,356.899152465963
190,1,741.799309466345
53,152,695.292866518443
97,3,249.926596132798
49,9,953.977297693153
108,9,651.300860185132
8,5,914.757784157229
14,9,635.985840023569
132,16,854.467986085365
109,33,514.623426414893
11,4,858.644011258209
72,6,410.56179430221
102,3,836.180085227704
14,6,1015.39250672575
4,2,136.021103615291
88,13,585.685740528129
8,1,751.134796055319
51,6,589.208433825182
14,1,359.248241365902
81,4,850.549000165262
6,1,277.949879565777
85,579,574.032403614532
134,5,436.114359615217
10,1,781.346083788707
118,8,884.590055520816
93,4,475.504593662358
137,2,441.606913842148
29,203,427.343737987238
4,5,476.917946282518
24,4,573.507464683219
197,16,920.328186016822
18,1,508.623995818202
42,2,442.951912789521
0,1,72.1956213855777
10,1,212.114656456073
8,1,184.723596771166
0,0,95.0645506585377
0,3,166.466739531904
33,5,524.363260592061
112,13,1015.26305493244
25,4,858.033967206423
135,16,468.456951890943
46,9,588.318583596722
7,6,651.096332441366
25,2,498.180516556626
47,10,651.480185290997
38,0,814.029180526157
177,17,679.357993329196
129,3,960.909550991585
27,3,419.445280855942
1,1,210.878150363093
5,0,985.296914564381
204,2,598.207162764772
0,0,64.9424958603041
2,0,97.7016957136128
231,1,539.029962175971
102,0,400.952482700012
12,0,213.141074214397
87,4,564.284033547424
9,1,333.949764693006
32,0,623.784002882364
15,1,321.181985058698
100,4,506.222657078864
95,2,301.062812817117
41,7,394.657174856932
2,0,99.4078785249458
49,2,1134.41503942126
102,2,939.675847533312
229,32,383.339890317578
124,5,584.392645360031
127,4,477.818359762141
140,6,596.22642382064
483,593,665.507577371352
93,2,712.974940608476
41,0,484.97
13,1,184.323412542602
35,0,202.298314834618
405,1199,910.510793071252
188,8,693.605608180164
220,9,695.523612181958
41,4,316.63316689363
204,8,440.22337051274
144,11,446.194568831745
432,18,551.738164075246
62,5,891.601260037866
29,2,314.689859795843
83,8,451.179169992019
24,1,260.586009278632
24,219,461.717697357056
91,2,743.590800890732
56,6,423.552779743408
137,5,661.015715737514
5,1,183.316526610644
34,0,352.411777462345
134,1,415.724944983819
88,4,410.85494871084
91,12,547.836036715705
21,0,782.59027020825
56,6,423.912193343141
171,554,525.999548266473
43,4,369.202274204029
75,6,538.170626523991
60,2,408.442488262911
34,1,240.682459465151
65,4,358.705109512966
11,3,765.39699396994
30,1,360.058195926285
101,8,491.825494430253
57,6,574.570706787178
13,2,374.021361648969
43,1,350.673823465626
37,1,673.345413922177
92,2,509.104497449529
6,1,486.209507042254
83,1,482.126113029257
16,2,434.609212171738
86,4,303.860307246572
56,2,474.841711371614
25,1,417.107744107744
213,294,380.546701747792
157,8,506.922160010498
15,1,352.662330524002
22,0,387.814267312765
270,15,533.414109375947
108,4,282.37986082074
111,3,289.892672838671
70,4,720.660542400176
109,6,635.270259840494
147,40,536.005117122488
119,14,828.628960724247
7,1,220.590977443609
39,2,521.949705282873
347,22,625.018490050848
76,2,706.978356284633
75,5,482.80928629727
66,3,520.998880605902
69,2,197.235257811949
171,3,351.264401994919
90,7,781.489379727685
47,2,388.078325099525
108,5,664.450074649149
78,3,502.479718303334
50,5,602.585558184071
58,5,621.297809482634
195,8,369.943523950007
54,3,402.155793148593
117,12,465.765759606181
149,7,548.361302442079
259,17,593.62138735938
86,4,552.80435840898
155,17,642.974069065291
34,1,206.048816649278
162,3,545.063714582406
278,267,606.694237014911
34,2,394.858927141713
66,3,434.657577545516
138,44,507.256338141348
84,12,467.519991284454
16,0,179.060939357907
110,116,589.528724920513
124,223,708.388552626234
52,2,355.20235587464
69,6,324.297593054689
78,6,506.895422000434
94,13,383.206766413577
57,2,231.322351202389
14,8,531.164816826044
55,2,308.285074144223
88,9,389.011187981815
150,196,1018.29180940517
7,0,451.967388468562
178,3,649.662995033745
