2775.27897395003,435.145254492922
8068.53925377737,404.561099953654
2304.78176853602,681.519975211733
2499.42654055279,376.764642433394
3357.27609178386,485.647215978966
2853.97428748451,536.357665172732
2696.66549978458,368.958992197569
2591.64483294483,377.772642045455
2603.56779363183,616.673301742682
2526.74432406321,340.054730837469
3129.27067350934,389.478647856824
2601.52862241256,436.143506127624
2676.53106967138,368.785229338795
8226.30796102225,399.418496320911
2697.76996379898,351.475968582126
2800.38342088999,341.94712795271
2747.6959783748,348.162224232723
2774.1067246274,758.756771328079
2799.30681575386,348.398669718983
3053.43579146248,402.249625109498
2752.90405783886,354.806356296968
2996.101682613,386.661426792986
2743.70870610871,349.461383502374
2322.39395922477,297.129180826328
2511.15931838338,333.450834637454
3145.24115083866,426.388459660816
2488.14575645756,327.300079491256
2863.60358773646,444.249683826811
3117.62544445408,411.186926393594
2614.86659088561,387.141651322089
2736.37107459918,400.255513708715
2384.71299228181,317.952674520708
2502.52340386553,542.388142037765
3080.36835181357,434.088760122762
2968.07389352149,406.58516588501
2504.51583218607,439.91322714072
2672.37207698577,406.870462046205
2653.55954133416,402.524438573316
2438.36957142275,310.037988127525
2627.45290682914,405.24002792646
2959.95400583847,441.748865125643
3288.02027468934,526.374684709933
2757.97923174824,385.362253655436
2284.57103005788,686.4998552822
3152.67232263617,320.502772295837
2655.22901606888,385.483647374709
2751.42812341075,449.770249328128
2646.24796476712,443.882804281913
6873.73135525261,438.657277871044
2163.41157097916,331.037840734043
2285.08889560052,431.013545606474
2215.77321407556,490.540159944367
2324.13750527013,899.615587028081
2853.00710277719,488.496870465424
2564.07945702158,353.762498239685
2442.82257955998,364.565445934889
2338.28196953595,408.674040180601
2752.34171833481,359.039308010846
2756.94149309619,483.140819399319
2331.06709473292,308.715107438017
2464.9109940188,307.013062004699
2767.29867229185,568.899183876233
6994.07057475029,585.204233448299
2617.9830732392,547.307725732163
2723.00323139975,500.39331313031
2797.85148761359,492.621953472747
2717.00384038966,563.43026601046
2460.96732600733,465.800947867299
2519.31123083299,424.277750407398
2557.52832393785,390.638919527293
2716.80358449159,435.069035958411
2503.23549538828,343.931103091778
2843.60570638512,418.721756544128
2660.55946610001,398.934429106224
2773.18877301613,382.59452433179
2483.2259754214,380.645260451598
2632.68333394475,475.933656614381
2439.8572623721,402.305424948928
2400.71630467768,360.186728259533
2206.06627721721,297.113856365815
2935.21083159541,430.986508724642
2281.07735067387,360.846035367941
2910.36532060541,417.494391805378
2165.91832693231,324.5562425166
2602.38836045938,412.5630021186
2568.90268860353,498.776431504556
2310.37375099128,346.67469788804
2311.90074456235,424.925233487021
2113.74610414291,318.336256811989
2083.36146943354,275.505885237862
2434.80616628759,456.703219690558
2513.82422636215,433.012817578393
2553.44756749707,446.470850953335
2470.34625433218,354.247027559055
2165.49362549801,406.584065283748
2098.60613607461,465.457268221974
2222.15428489947,340.106251485619
2577.78019609956,482.298914354644
2343.50073604348,439.116500759237
3101.11521323997,492.460319756927
2309.25783095801,509.006406467177
2367.25466152292,453.521593090211
2342.89067863744,376.066387825932
2305.19171499586,462.334921977093
2721.54698533406,445.339259945
2337.28258659786,407.862722208095
2329.05224152041,521.806542281913
2508.09217640545,378.004251935841
3378.58149864813,443.332654855532
2574.50911270983,413.831007059969
2742.94495290563,512.499504313215
2575.99096923239,434.466533864542
2584.57713498623,486.757353641123
2418.34699041671,422.171899673167
2255.0951088755,381.75237593941
2800.69032994033,480.686965610954
2554.41969636436,476.355056310454
2542.44259588519,444.894632891208
3120.33538267065,471.558990652949
2314.98572469931,395.421611871772
2756.90964662536,460.661567487635
2656.25153242284,569.890418090125
2479.98088450779,433.82620955196
2741.90929030237,482.563938882962
3108.41189889026,512.481940266226
2416.28686344059,520.352279258296
2285.54737188993,411.624014040069
2777.07363170098,497.538755584212
3111.39741000356,608.682704370529
3380.75132396961,545.983636924977
2739.95820222051,448.956183574879
2653.26088017571,416.915321823304
3094.29049712547,496.237268099684
2748.24427234592,553.742919180662
2775.99864024864,450.940514882971
3044.69356701311,510.354177169608
2729.4049270073,463.473946735548
2603.73827941078,491.199612336615
2422.25730572664,411.330861433702
2544.15283816785,472.551982508721
2676.44210107441,451.385517155256
2707.96400584407,448.318850760423
2542.49001074114,431.330802153804
2411.13167953819,488.678790824524
2671.19890710383,458.216257488547
3462.10362139918,609.610685406238
2502.96991514528,446.801182243171
2705.5087404019,423.100410712758
2616.36550680787,458.404229746318
2365.22981248816,403.002996254682
2432.18445061484,430.335989217901
2729.53278465515,534.517911844792
2372.80626414633,436.674783589593
2294.73897682306,415.63601612166
2501.7460815047,552.322327426508
2496.01573426573,462.789495536641
2347.37590411242,537.321525027008
2473.8025690216,667.591011999095
3065.44650970673,683.899358359016
2415.62849348287,620.178399228544
2351.22754369327,567.779868510542
2374.70614576899,560.187132089406
2841.70862703034,738.999326659784
2604.47417761311,673.58494733038
2761.28042653543,731.09554973822
2541.78967359815,554.173091580087
2910.73015064406,613.920071270045
2434.85244558858,605.173208917125
2878.88949447077,713.89356519132
2833.15999558937,637.641988431305
2509.74422407052,667.360433534235
3935.07925096138,916.783734426363
3427.5228867867,752.084703784426
2552.99788365841,562.167274916287
2806.09821380965,767.996264068119
2623.40539817087,604.91840237148
2612.75246575342,718.601934607987
2966.9595567476,788.014378608666
2842.82794229309,675.988134527739
3007.37162954279,727.739498413094
2402.11616894524,888.655971129896
2364.44992581602,530.293596821079
2324.66513725795,834.807223781833
2987.78058095128,582.723750502637
2939.91543895056,636.863088512241
2664.16411064928,702.317220675252
2707.91081660107,757.873432000722
2584.9725697234,576.666047840057
2815.91973969631,729.554146761157
2471.6414274521,609.570251363529
2763.69871069894,966.910794592262
2408.89798804397,551.001680240835
5426.33600405075,935.670636075678
2610.34330921133,695.79653942953
3027.89977979787,712.397926586704
4624.22098569157,862.213521053656
2772.00588656839,693.285297562014
3043.65889339513,646.425007260343
2598.35326454669,608.600713352211
2699.7245725559,615.816189278111
2567.61693722166,810.412802177789
3301.97488111206,780.870947167003
2576.79568770649,1067.84936868858
3499.22926022217,912.354381674997
2811.76993103448,867.557165496944
2261.43554358802,530.986608961303
2469.93895792457,548.092096831613
9869.84381544282,1374.82341747781
3364.36600389021,569.076224129228
2360.57247389624,651.553035126817
2316.53013897178,554.611504007544
2458.67680572559,812.965514330336
2475.30259365994,794.733113848768
2409.81142979452,809.949914173615
3501.54416026206,972.731773046202
3490.60030318343,1234.80248007086
8375.72103618849,1448.03868682097
3003.90120274914,1268.55341690111
3127.80835380835,810.274668362711
3052.42872966828,925.627544554455
3803.13183552353,889.417647058824
3367.874732998,1049.07517219876
3147.76844192909,652.33703560869
3865.2404571296,1426.24121051659
2886.30450214833,1003.8466105205
3923.71603514065,848.409051469823
3640.04156260006,1299.89007165638
10859.9871841155,1894.20050402815
2935.14389891243,744.933261288627
12182.0818395533,879.266065427611
2929.33742217839,669.678544494721
15646.1564115391,1101.14082118417
9106.53712296984,1649.17285238959
3788.97969124082,1042.53319101875
3386.41835525536,1159.79156534679
3110.25174992522,853.081008020375
3399.5365441283,912.476168313271
3211.45770650014,954.408064721081
3349.93283466996,1226.86808384364
3333.07856840322,932.915673215936
5354.2599128088,1186.22766397294
3555.35900774344,812.334182794958
3527.52305043678,1014.05612747513
3044.37368010403,675.335811958671
7861.72287620904,1210.22602095036
3657.01862618432,1204.77816312251
3057.55277926243,1234.90858274376
3434.91531722856,1354.91413883969
3122.33244554924,869.028482396676
4070.98970744532,869.574331077964
3764.70359342916,816.054022406481
3707.04153627312,881.158386836473
9112.87825017569,983.517048876158
3048.41731809982,677.417977282656
3322.36875813069,818.032019869772
3041.04388655561,678.671700043066
3039.68553811659,844.921770440572
3151.55517055977,638.743643525861
2812.33058938139,843.552523825053
6200.72578656804,1296.17746707426
3265.4286112078,959.937883906634
3594.18037214886,809.329983052443
2756.57986595923,563.380720420459
4423.4612761812,1193.72879539815
3939.04500450045,994.68954593453
3279.50912273615,1211.59472134161
3518.86911046917,889.680531047811
3281.5442562972,1042.77598868414
3161.88783610755,1055.72962102637
3433.06305244549,810.465449148492
3053.32156418249,1114.35059568531
3473.23638962276,737.01273008449
5246.58175204011,950.268251534816
4036.29823702253,1102.7939326326
5164.22442817932,862.782756928481
3056.08618253744,912.847301717089
3376.89376417234,619.538495782046
2894.655359209,631.812110898979
3370.13351613584,861.733037736451
3384.97998591384,1068.74442489928
3644.24412793603,868.146958509801
8790.57618059159,987.101276810215
2966.3216846418,658.176349142628
4308.06009892269,946.83524791803
4070.37770956021,1122.90861636051
3442.00406178842,755.065125782148
4735.36141491773,1053.62601626016
3624.87127695995,804.131001863265
3836.80704488778,927.665047457736
4557.89132717346,1121.73971875266
3374.94082987037,739.158174097665
3879.64621588536,779.910053788432
3518.22665257494,862.474165143712
7822.02793493635,886.882573526525
3360.99722393584,876.647666612747
3983.13614216108,817.603327249754
3094.92529482051,760.979208027043
3453.08267664828,954.105353105117
3727.06031294452,754.895696091348
3062.33113419427,625.236101493719
5563.85181016695,1225.07843382985
3543.04941007757,1045.16184904398
3034.73371949162,803.908951664839
2795.07203162364,515.165930252877
3554.65188953488,869.427802065514
3895.63092041671,801.29866343089
2847.17937263757,499.216425256645
3134.08211336336,623.46454376325
3382.20437086881,777.631332737757
3045.29611489291,571.862045719189
3222.47226128084,651.017507953555
2764.45969458005,710.07144254385
2872.05642558279,589.393604636121
3648.91304347826,721.595195195195
3264.82058030556,844.838482001116
3232.21981993018,729.645506907802
3260.94113183001,728.357151906753
3176.83335525451,746.703114024819
2944.9394509214,644.497365874637
3093.12643066276,634.318711122903
3725.03711644111,873.322484898979
3650.12364573472,689.738631234484
3612.3524061766,854.177006007736
3272.9659347181,643.294954750142
3934.90544759774,861.044181287531
4315.95959968073,989.002125343424
2962.88531955521,763.888225087307
3239.64647150445,763.201921402909
3554.45718816068,787.896729092142
3508.46309292297,908.233075209505
2965.33007334963,972.489148780197
3220.487764013,634.376784564489
3355.43756880468,749.60959539928
3265.53997010463,898.42734846497
3866.24742339351,970.571576472618
3467.57119907467,715.565461402349
3280.61447159632,671.251015911873
3169.81893491124,607.370072252504
3270.77056808634,591.075522589346
3380.44210291161,654.817405468296
3255.66888888889,727.830787728494
3635.61946947711,788.736492187727
3189.00471080869,670.906695265819
3660.85416088766,834.377665014554
5447.40829512297,784.662460160221
4076.72523752321,701.943218089574
3105.5040471411,637.063138666808
3437.77516993716,652.357888657889
4394.1149909693,787.619509855423
3776.62066549912,744.379589746679
5077.51754477846,1041.65909929205
3422.04174852652,738.698836413416
3713.86630682998,625.168224048118
3559.07842010182,603.434972885549
4432.48703717228,1039.82468149216
3638.97913446677,598.77459851926
3637.32262338523,911.391042518626
5765.28326300985,1346.38383910679
3516.72510121458,851.018997873717
2829.59116662374,566.159815665243
18527.7929806714,1232.73149625045
3628.58340863907,699.943870829376
5342.5352181199,1094.21992153444
3327.01512096774,670.980672345883
2907.04877803985,659.651978902778
2971.64055936007,693.517506950184
2618.75386381701,845.552355375298
3039.23349455865,734.848069545848
2943.11465985308,531.542170829111
3174.06486031167,576.816561427932
2838.59754710851,625.958378970427
3199.17336069579,714.554077060932
3205.36813307069,578.834087091356
3602.5683036361,723.747423559924
3232.82689680864,647.561422802928
3235.76550747721,535.665377176016
2781.52990470718,554.645441535143
3232.2335674599,714.23177954227
2991.06579697747,492.06370593692
3817.83087853058,616.365479308539
3465.87385451558,633.762049700635
3326.62373786724,523.105231701851
3066.91967036352,502.879762320867
2981.45110410095,554.51784467812
3080.63163415146,605.169551194694
3932.7330483777,713.755284396618
3646.52709725316,834.199986636376
3525.78577952983,712.429833578751
3331.52098235575,615.030443453778
3527.93051464218,825.635842974731
3542.41434617955,669.422564946683
3162.46265078874,597.023341798626
4869.31691789158,873.035158267137
3390.95185514679,723.588193794174
3870.42335691582,853.483330450575
4034.68808187051,831.307024976799
3190.9003143242,798.689224947362
3197.90545720022,717.702757446025
2958.55654743953,502.62109772423
3388.03250878376,875.446356941495
3516.65786776012,862.486615632162
3406.96284996411,725.480553970414
3350.22419663262,816.65646857483
3303.40842590906,681.961606282181
3482.69996642042,712.208308181968
3192.45210749331,622.486121297602
4059.09300349353,741.763549731983
3419.55433455433,623.9733142316
2944.5298401421,578.676682064672
3386.9292765213,687.093473543649
3286.79978801741,748.833775387857
2916.4230405231,453.77835775068
3296.39628630376,740.64818769926
3217.33496480679,672.832586940003
3414.01927208391,673.359583353106
2826.48878834254,514.771243828914
3134.91897035256,583.107981755986
2700.08463599821,422.519690781797
2646.21240478781,525.176940443752
10586.1905347265,439.423882498408
2657.89683227743,474.920144118603
2619.73312883436,541.92441965905
2420.12791352325,513.686632798538
2706.52750113173,639.28301079359
2758.1316524945,527.45326795955
2507.8359229675,484.590686573641
3024.41595119747,508.120111943941
2444.31313442018,602.716452134035
3777.69564894565,532.760372250052
2783.31868743048,549.701721768653
2826.27192822938,526.991086177342
2676.24132834056,530.879121975555
2798.26399437412,523.313310655715
2792.9363372093,705.187989556136
2920.05336914633,641.589309896913
2830.84207687782,472.196778723626
3056.9638906548,574.848858014946
3319.04552234354,609.005478565402
2687.76046888255,557.189388062679
3075.69587320574,470.583823459471
2948.62586786916,564.928094445401
3105.9213592233,655.744983486239
2763.3474211529,474.497223726977
3165.35374095253,682.760403214684
2732.2880655821,503.402409585188
2779.0758105625,526.068193243079
3008.7952786545,599.296492259455
3156.86180133943,612.639250523306
2965.30555116242,722.011271792649
3126.7885803618,662.227647740235
2657.13374188897,612.459184710786
2667.23438318246,480.184136400097
3296.09591078067,555.48226411137
3059.59510024196,688.93476418469
2738.39906429498,490.588972978529
2679.46378830084,400.765111054595
3123.78722002635,580.443175481713
3079.96592956593,685.943783932376
5352.35108278509,726.33341006337
2917.41138640672,642.804979532479
2681.74469305795,473.534365956877
2550.19572426863,556.704024950634
3158.76873848541,767.204825910316
2866.48230818009,573.282059691702
2721.51758436945,509.861353099253
2263.94329183956,528.447496595789
2932.7284901471,771.651016699152
2084.53994544037,363.724485767302
2461.01215774931,487.3816775284
2707.21850137798,615.053634192117
2411.02227380482,474.827501299554
2450.6665398206,494.780478198077
2639.40356807512,504.352230049557
2246.46781609195,731.260673196662
2789.46565177479,581.48832130298
3061.45921052632,682.73895469175
2879.68967953246,534.160742807997
2466.906568841,524.679001028485
3019.02283243571,739.977909803533
2598.0100056943,665.980977862841
2879.39842880979,1237.53810795078
2718.91840858417,676.402960383108
2803.27941176471,748.640848326888
2610.12777739323,505.073312542946
2805.20636765048,619.569310505287
2498.75046590836,596.292025940589
3352.743339514,581.684310920363
3293.40480155426,937.76912743291
3399.40039963111,847.043921821306
2771.98831991148,672.048360528798
2692.88734826553,641.788058071269
2742.20051221188,550.584629692256
2739.81633953607,578.01695385514
2323.67814665426,498.679833214685
2740.23199172466,632.108506784955
3172.88267952371,589.025835336748
2688.23340020551,595.054901025519
2609.42472361809,562.989000015603
3165.85322216432,696.306092208426
2622.95963807697,566.395817195972
3159.91236728838,716.207324717588
2647.96525237747,564.929035297285
2657.4470694552,514.855115789474
3220.65696935461,688.76112250606
3050.90509407398,699.105377530381
2729.81484478872,539.066290085617
8651.01267555646,589.593705756725
2224.65226489414,535.613360279897
4081.06905253499,604.131223353285
2925.2397260274,683.981580966999
8698.25879434757,690.361743241854
2575.21100212716,590.759287607811
2825.75948206715,640.804499232702
2772.39943479045,540.413521261347
2866.61774842045,645.945277547035
2943.62464881064,563.839822667695
2808.46486662329,656.013224639996
3394.54766289573,773.230209976742
3240.20388050508,571.819520658489
3512.97986029212,661.130039933016
3088.81354805726,668.644862442685
3037.46490857522,628.64005061588
3052.40874411199,649.684857836575
3011.49284397701,750.262965228867
2709.05379388448,666.902687049633
2961.41366451355,600.728171868666
2833.73408052094,790.920935490709
4075.01799007444,701.056552962298
2895.98212945911,601.03419659913
2788.05852935729,737.02528940183
2782.07578546883,597.489356832227
11079.7363535466,720.730079173604
2872.26911270282,618.628792158166
2893.74715819883,514.733342332158
2837.67059056941,553.920758643039
3167.28895429363,693.783735935164
2586.4770221328,535.517009445149
2980.24223799265,659.159120676838
2899.94805840323,527.544371418396
3376.37667176792,716.124815242638
2688.73092321482,538.399618096913
2360.73528782367,496.762835020846
2828.24750159473,585.182968259618
2917.5739888977,710.263493893113
2791.02730077811,638.639864744617
3931.29398040131,737.277478600986
2446.41266968326,611.708950125256
3277.59447753113,666.436630255873
2987.07236590038,671.533516440805
11892.4116318464,1003.50188861207
3361.04667401691,869.441510494001
3137.73603666589,1064.85433601189
4272.47441225024,2160.52575887421
3264.25256535091,733.331309764711
2899.8546275918,704.433615781455
3155.11023454158,629.060478199719
8485.51708066835,1025.58760579823
3114.98677232551,716.49161549626
3108.65631866185,736.980396427794
3302.26218425419,914.557432308651
5077.29562043796,822.152014852026
3918.05417399954,877.490883306321
4222.46536412078,873.06484521576
9221.92063278358,1034.82309547454
4516.91000205945,984.90800222284
3867.07181461464,887.167693726042
3452.58389544688,792.358272002787
3359.40317972923,702.116517091097
5152.60108207971,940.470176198729
3186.86985673352,772.54992332595
2811.00233299635,706.326615573848
2875.43926211454,666.771835630337
3838.18339634698,857.03218723648
2947.56646129446,699.644916745634
3200.11057630324,792.092644738682
3597.73291036885,858.088045514466
2885.09022984416,657.912147637396
3973.41213872832,833.445392675813
3362.47273797421,975.597118225116
3144.92721324882,664.994880264244
2909.56482525366,630.116304347826
3430.33548672078,716.256638951877
3634.25115913556,775.978288821131
5100.94587559465,1049.58249795797
3570.96232449298,836.444343480236
3285.28856892956,805.694704595186
3029.02969999399,690.690672026659
3084.58527075812,661.409677554089
3244.26958370636,703.376500788833
3654.88661672403,855.937641494179
3044.65799293999,698.446630801114
3319.86663867059,718.053359071519
3190.23197492163,747.871252523426
3284.07090464548,754.928979366249
3945.21443601352,868.338858011116
3045.03299479301,725.12113379089
5166.74285484584,958.884295467184
3381.7607505864,719.591388616291
4877.02886022077,1077.44544849567
2620.63660516605,507.708771055162
2594.76658097686,495.981561373441
2809.0087284269,533.261900097943
2970.16116618836,637.648588783339
4079.82301072235,747.346914556962
2600.70670515098,549.259595910888
2930.30267283858,742.242209766293
3592.89103847009,703.048556481302
2799.02421388936,600.21638962414
3291.79359634077,598.142248868225
2733.88769241389,610.114226123229
2980.58492047909,655.250781298508
2847.80931541107,668.792521440823
5436.3302344838,810.210891923426
3274.24810032414,605.075072628618
3432.15509336169,618.630778471373
2745.44360810232,525.000800483848
2691.17633527424,594.128201927398
3133.92903494176,714.022664972922
3412.20110455151,689.934696273785
3655.60747232472,824.970278068585
3002.55804616929,657.827443789133
3213.88452469595,592.221998120602
3515.15153150722,728.232338103018
2805.89104699431,545.456419179507
3011.36421333333,687.761068761069
3301.5597833935,686.554435062804
2969.51138400266,493.237953101867
3218.00514362586,624.38223427193
3290.06951461278,567.860108699322
3097.49010931806,693.834499198875
3418.14624764711,693.925507857781
2826.60682713814,492.725397245224
3154.43412583738,559.279852612186
3244.89067354088,627.73947752042
3392.53675956836,526.153990245282
3232.62350751059,755.29040362386
3209.38358326756,698.624729820377
2819.27670559312,472.700224682602
3464.90393314422,509.698829446457
3323.57407725322,658.868026520129
3225.70253053591,821.338452454941
2662.55419921875,524.050787719224
3381.96188224865,792.548660739146
2708.1554192229,516.067647835269
3093.27942747276,887.996925985142
4183.31773399015,888.779733350978
2710.66453546454,611.238277957036
2916.79058060186,638.542087177265
2892.55561208267,594.25043269609
6589.79338035053,733.806097540158
2960.83101254942,955.390042035766
2583.59095790378,542.586106760063
2472.84977890847,588.968964836033
3163.98911660777,556.708155369077
2274.07567674373,514.166825965106
3031.23028904872,540.425267080745
2810.79938679495,517.029225229099
2886.1130206379,580.916094696275
2670.46679506384,529.285529844076
2539.96494715915,590.134749385323
2835.79472780127,505.320138977704
2697.10349958338,534.471392909721
2782.06249215711,549.4283882073
2636.50801160737,480.313555998841
2431.85421177441,463.087357870132
2341.36393241457,464.773936884354
2536.90171806638,570.542621695223
2453.01371749108,507.640903254893
3043.17430737618,627.039409422196
2384.17820985585,398.842684300193
3137.0526436958,506.574224476973
2186.53574432296,390.556452365401
2802.94497777205,480.632275132275
2606.69254790632,914.191251235067
3633.07001201923,674.808531150236
2402.72511007828,411.686689079162
2744.76823194593,486.525590229556
2356.89618356633,522.057677856672
2905.95410682226,546.837312998586
2590.24101127343,519.705943152455
2583.76355378938,529.141570402747
2483.23669303394,489.328839390387
2633.08874045802,679.360195065424
2693.19347111582,597.528944577035
2907.62656998576,695.571763679014
2381.2942800789,434.114132431837
2249.11616810424,455.447442197962
2591.1888653102,443.255279070206
2556.24720611119,459.890863622017
3263.50472752278,508.174904565961
2299.69019229444,465.104102539438
3306.37720676587,579.606876137197
2764.66989362974,495.972506063377
2502.37703435805,535.898077172925
2275.3121598084,484.765941226653
2182.93139941416,433.632795031056
1963.95833333333,378.143528372355
2090.07069284268,414.405214360863
2455.76948114111,495.689955614006
2477.22521821796,559.341192294611
2386.2893452943,443.93871898442
2099.62629780099,359.662492525238
2469.67166652132,455.551986475063
2246.75009485266,370.151287692507
2234.91295314515,393.376345807485
2996.05242749818,453.254768874449
2180.55667642911,415.773280357586
2988.47524287057,507.221976074435
2576.56980210115,430.704601955693
2296.9338145951,468.552999817084
3192.51957439896,498.605532249607
2570.79193205945,564.50340002248
3216.05536554083,524.168103870652
2513.30086566984,474.000045450414
2445.27436414621,448.258083644929
2508.70065528912,551.075233434582
3153.00012530543,455.765653889671
2541.34424778761,453.816623171694
2513.1278739134,546.120967624908
2617.01236203091,537.463009292352
2594.87000113934,567.168959005298
2247.96503285706,482.619141091276
7258.77002128753,1155.70296803305
2374.99307042963,464.595590883985
2639.96297544806,505.160657841576
3775.99723974763,735.06258574772
2484.57123754764,481.461147283874
5826.41732463669,543.745317247948
2911.39020670959,608.553543608735
3091.51692797092,630.820445167991
2535.8941387225,694.326069380464
2803.88293093768,1154.91369345993
3328.93830950064,678.945287385881
2554.86016857575,508.117950661923
3326.19978192392,700.656286750294
2981.80843323688,649.302742957584
2279.5798206278,562.404435221075
3100.22886297376,661.207522807018
2716.43617609136,594.238533097894
3469.7799487508,788.749877888409
2991.09618730427,645.665238497671
3138.01858736059,639.155711525571
2884.77765263782,605.888746393075
3314.93028169014,644.416343699783
2661.51652405595,643.985806268729
3592.30332931606,768.972009387727
3696.41052631579,821.980726986364
2475.43402154399,597.500926976397
3172.4531821507,866.165337295381
3815.30451943951,888.263530861662
3687.557304038,803.656386905378
2705.49276262658,743.433710797335
2552.79489276055,533.199376289627
2982.65216249918,748.039555609816
2947.00754931985,772.920453597932
2549.3372421588,529.651986641281
3226.00203647135,696.96000967118
3144.99681383705,790.291756992545
2838.14661746617,674.30945376091
2831.70422077922,560.835329887504
2477.23924050633,519.106033059578
2476.92998912452,544.366636273692
2065.36056124384,479.34765223352
2827.19480077194,578.989285841623
2814.54183627318,696.794552659485
2471.59967755503,484.480654809764
2645.89058082755,614.866684611244
2624.12032057366,779.679031623469
2027.60506100316,564.908038556243
2488.68600608431,488.836035484858
2961.08668202372,479.466820056679
2181.05047174132,497.256017976975
2747.74665752485,644.303308373709
2760.29304685169,518.147128065168
3294.70728364443,677.372940393054
3241.52469891815,704.726607785411
2705.11781483107,705.192790856696
2882.23496178132,808.231639141382
2449.17177629673,566.969186720295
3500.46431495125,940.797769562921
3185.77811960681,648.038107752957
2993.6376056338,656.98528658565
4264.72177304965,1014.59092303737
2691.72161458333,746.630682611326
2867.1112063424,755.123200819738
2733.7910740978,595.573817192757
3254.0973525597,829.143321197028
2695.53571853792,502.866397625606
2584.76686532779,464.420918475721
8329.33614571834,817.560978331925
3125.39504155715,692.758255901557
3131.69756608218,665.352916167433
2731.89341037008,707.4643693828
3207.7149738589,891.004254721336
2761.14725578687,623.262387796399
2357.17220460499,572.74642097803
2769.45725036583,533.099736685215
3188.53634166744,706.199976128361
2988.79491707133,739.303275849085
3106.25239984641,625.245584551992
2800.92253561417,664.333339161145
3161.79382027016,715.153831366066
3239.95107654154,700.876387638764
2843.83534421576,595.823471193925
2536.34917504766,637.957976391231
2488.31400529476,677.3939098334
3830.03868178756,799.320799259374
3049.04839764552,586.297040622511
3424.34525865046,825.428486546134
2900.45716804231,728.288477752885
2855.03599950854,637.925006179451
2704.98220968392,579.728131517605
8010.04332694442,823.798484738636
2606.05959031657,683.997710479759
3369.61645299145,754.003293426499
3019.18557709952,973.550487840396
2642.66226391016,693.686498418949
2596.78655544652,509.31359586088
2933.56081498251,1447.82681213453
2611.48764749263,690.938538806539
2987.63348192174,700.969964992498
2607.03936599424,606.456073440064
2321.77468142618,595.156082325619
3099.55597751785,736.488247515582
3065.58694911404,607.70017278416
3956.67532179316,599.725946365128
2803.95266346882,684.184662875024
3648.96704949412,818.047741867565
2818.0813253012,683.384429900103
2616.79130686758,630.326588686366
2908.51395150481,640.244097586569
3335.80449924699,758.780098796193
2956.29121291776,684.861842481827
3077.68815600192,740.934798340409
3100.75523616157,618.458822304523
2655.43342670402,591.530396056728
2569.10969200684,583.309183362148
2754.26693548387,688.960523260314
2806.19747639636,698.965677154952
2729.53336447351,601.90003182011
2714.25430098989,585.306432216336
4491.65483002356,634.28761787131
2563.7177520569,559.287053580391
2748.38016763745,651.785730311869
2817.04284022111,577.55347972714
3834.36647127784,606.429478286459
3035.15291135466,574.610920472114
2408.68560135517,494.912525458248
2310.66680366369,660.877869623521
2712.49425515055,596.932020417587
2446.62605804111,533.887559407325
3820.54157099698,520.725873223907
2705.57949922649,597.167639228272
2484.15886561063,535.695502567738
2582.82606374459,509.603407150408
2344.44707638393,625.546707581717
2451.56747404844,488.133617457875
2474.50883248731,484.231561598682
2431.68973148421,473.216432059753
2402.21086907703,559.336850243304
2177.9628440367,565.509517534227
2891.18333333333,741.809846110003
3763.47451526762,807.320777910862
2741.26443241034,694.78790939819
3150.73829332066,712.996439139375
2825.32879377432,1086.74306334334
3442.21329657648,816.229883707271
3323.65437086093,996.107969019816
2838.2412448327,746.142663487293
3107.05369182032,708.949362581013
2759.17108891476,660.733862974664
3762.02834203908,862.438665485988
3130.96581465626,738.00149028714
3252.54714954347,818.659715828502
6602.65225830887,689.740772312676
2982.18921854844,551.63204655271
2649.75609595361,666.020967424143
3205.36786296901,659.118148268751
2856.13132791602,684.55060918463
2801.6622051418,583.475775638087
2421.97819535543,682.830737653547
2996.0818203254,618.928561709076
3025.13442405483,591.625284190276
2644.50732083226,491.652491315675
2709.97899493192,746.464443067026
3196.73410677231,924.719917392366
3140.14310051107,745.640317952532
2818.52188425303,1035.64373660944
2740.37466082238,663.408267725843
2844.53693533225,664.545437186729
10138.9260123542,691.863778476041
7626.23539241673,764.74341205032
2549.14902225219,570.889354181874
2611.16039201625,592.507142315853
2848.00276287126,750.34793814433
2908.97273516643,556.565746769213
3247.3798131225,652.367526624154
7550.48767012532,646.069642307456
2827.23509497837,647.437872443228
3315.40245494907,740.538126843658
2976.84018926963,607.207616962434
2920.18466872111,616.655111936449
2731.80415902141,548.463601460811
3110.63211969434,726.751223732441
7316.64218223646,743.169089193016
2883.1324050897,665.37393081302
2995.77332513248,644.750371932578
2565.70869408369,755.935571435786
2615.90074529157,531.885564443103
2912.65114650796,605.863037024101
2520.43983903421,664.242335514985
2777.69336670839,655.65267196196
3599.13515291023,716.621631133211
2884.50952045134,584.260980755706
2323.92390331244,464.13041151863
2644.02351382679,498.128776045994
2443.11940660006,552.859296170192
2674.60945854357,619.214653797391
2190.34260869565,412.477723673432
2524.59555497279,472.39143196471
3079.31088280061,777.829858330342
2753.78115165903,583.301585735777
2975.12551521099,643.790171431593
2335.97118990794,482.989584373232
2472.45160820841,490.310663159084
2553.46028400266,498.997782491323
3094.14521106868,625.036061655583
3552.11486880466,757.579187817259
2405.84737665761,507.886033071358
4671.56099282437,710.800998966586
2700.91943088758,576.206767245138
2416.20978742753,438.858016675136
2831.67914174124,654.130581508297
2980.88545467554,750.286489966735
3093.68227863187,675.034481402073
3243.61734213007,845.837762717477
3075.36100234926,663.423612667115
2917.73121504418,539.088347532836
3546.39591712833,771.390460399943
2566.15212384166,496.982128740824
3921.37407095242,772.171701112878
2673.48443053419,618.055898172755
2914.82086846875,548.336379012712
5538.14255224544,593.110675862685
2868.44963702359,595.550847159111
2918.05944852011,645.670488040274
2978.92385420426,611.505211617144
11492.2354357246,613.589353433416
3535.54677642252,776.61657130875
3570.25049743429,735.423082318159
3628.96284532427,649.356071611048
2980.61799977995,587.130244341682
3689.93402496353,696.215678249068
3064.64685191699,658.519614502065
2775.16123276561,535.182054861714
2491.21757211697,535.540880045149
2555.02709773874,493.262187445527
3579.82769619644,728.513851370768
2975.39875809935,801.956629515394
3227.18322091841,756.751332677481
2541.41413327965,575.201982512531
2330.06730358668,524.813858974735
2684.93632989025,601.110820022074
2849.93388715819,630.350014431034
2517.3378039367,574.730628225308
2541.24821882952,515.155045467879
2368.69746555118,596.821958158996
2361.62448090408,467.698755186722
2717.46616967831,544.966041060886
2600.54724786842,532.720694538695
2701.10481042811,534.428917391694
2692.20918850647,534.828113594494
2512.65560699588,542.560195033342
2762.40394955519,647.795107878342
2488.76993429698,504.779278253552
2647.66255286096,693.878364034557
2952.31726577281,557.825173688701
2665.78687549564,500.171765791903
2650.40910221338,512.701477630669
2803.27591223179,594.983026480545
2975.92390568886,527.957254224873
3134.17285072442,569.091210476151
3142.7977143689,664.543689060324
3142.40790661679,826.24572945357
2869.09262906595,699.832363930122
3355.6881973343,744.755037401442
2511.95944124495,491.619156694091
2648.94500351041,637.326500106769
6119.27893299727,555.674667680974
2480.20866999546,484.305327550569
2712.21541144957,575.947042537126
2666.2387939574,492.774729373539
2498.68298090041,450.608206035451
2877.75656197171,523.153288390223
2891.80839465795,547.310198359558
2895.38047327753,534.833251182965
3040.7878947117,783.788006053083
2816.02154065621,519.03868372501
3257.84477485531,522.397899613416
2884.22631977772,519.524306357047
2899.88762983947,409.675460732584
3330.0015788435,966.015983990353
8998.41629242004,794.560927515063
3123.62338451342,555.185080912274
2462.37789460508,582.089747513389
2719.38346855984,680.320527282267
2739.39738074754,650.3521156284
3193.47546240357,870.652763191789
2787.54658277534,542.776282034671
2617.3405391818,608.802834799609
2873.38192620388,561.309138294333
2751.55252357182,555.269423688688
3191.64369812777,577.26872721509
3078.41384254432,560.083347958348
2728.19794300161,475.743749864481
3438.08880538881,770.981859790132
3216.00425277029,731.337939321118
3398.53772290809,673.459689765203
3111.26947621915,677.793989316152
3034.9487809875,626.032036469056
2887.20635222518,561.57458512713
2916.28727819861,601.155541514345
3286.87550252885,603.746123922534
2881.60287025056,765.317624423093
2981.82811444019,593.111624391063
3022.46542963174,631.252220418298
2892.01879244581,636.04824991822
3090.56951596293,676.99698509296
3317.69266654227,586.351351351351
2751.35161290323,529.029377140411
3611.6436563334,668.095397123346
3401.70602699592,639.529021603405
2908.88236294575,551.838384400082
3140.13838019087,626.318542182623
3121.63632520783,574.232221860255
2692.76330660352,571.577476938244
10365.5952842198,906.322518332595
2884.52688172043,566.177071254909
3551.21432185071,674.2333834425
2837.49620450994,575.102509563099
3217.96826145553,533.006200257438
2559.15253103397,547.03700097371
3357.87360640591,597.216574735861
4943.19039638589,732.046199119769
3160.6633061452,610.499933507691
2827.71474228601,575.509920025996
3087.07534362803,571.229111851184
7330.08846990573,528.85099241942
4296.90897703549,998.418069064896
2740.73868378812,530.300265238839
2747.42574329754,519.352195464316
9233.20049261084,892.928888357511
2701.89126420057,539.536303364964
3398.77059237012,762.691648994281
8845.65329426031,711.188851085017
2757.87949611364,653.922208500013
2867.26508226691,523.695005178335
3016.18714966368,541.596720415414
11415.0672134238,719.539911731052
2878.94743999054,572.763684440083
4000.98124064003,726.022372514541
2350.22916337182,521.783541445271
3081.81246784829,712.608617815071
2910.9973599296,652.147323874478
2834.2429199565,889.98256813972
3052.63882477699,691.439555048982
2332.2380952381,497.31314339191
3121.80130625574,689.190558850475
3043.41903331513,581.936388381371
3118.94114100186,829.976515630608
2419.26444052681,502.468318741653
2886.96061306136,556.647953445156
3103.07198029777,714.637132027629
2966.10352398109,766.509389419466
2717.22628905819,603.03013292306
3194.26000479272,625.52858257385
2613.58210727376,553.315453275645
3280.39691057726,852.204284192743
3182.86328652841,668.991588617789
2821.08310042854,599.175224241549
2636.86853538893,449.655229249787
2818.19698263592,703.839878665319
2742.02546891663,536.387802299458
2634.56170849105,488.842296647956
2838.45709501884,541.013477837988
2715.87421944692,556.263626427359
2645.85609721433,532.07291761493
2968.44504982436,558.498836750789
2614.37319528329,478.163196172249
2496.3543511552,451.773391973612
2791.71761658031,605.721832498211
2568.12119695757,648.277101142295
2625.23688514279,733.641723878098
2327.76924269437,540.129184370165
2539.81669960474,613.863000017834
2638.58210920177,579.459030459031
2437.79067722076,452.797544563806
2823.17614707731,649.390936979578
2856.94991744634,639.262416959267
2895.17094972067,899.364364645896
2566.6059334914,905.185023043603
2575.97545357524,550.162135732447
2353.19376400739,558.962394976306
2754.14324431518,564.636536714119
2946.06767325657,560.4547878705
2932.91839464883,873.887766085982
2850.10991614156,676.851863426043
2768.99804978777,639.913528138528
2516.70387055254,506.472958078863
2396.43632868813,509.536631406489
3467.00768611375,817.345400858984
2856.60364900087,588.40489583006
2885.83174633403,740.053406511054
3909.79539575789,774.942857827974
3092.1930167808,698.261578311173
3114.3024063718,747.213348533527
2377.44296116505,480.701359843204
3325.74216962525,709.740403825717
2774.86329531813,603.810333362887
2490.44156695624,691.212221863915
5100.10755190509,834.852512346625
2554.97674922064,607.937727461623
2626.97177111196,691.408554681954
2928.06147495872,571.966376394857
3002.14485589812,678.587554806071
2623.78715365239,576.393644276564
2788.52083182901,574.241710699567
2663.50677615328,553.559022425884
2598.46400059137,594.726944278904
2560.8847213581,480.925164117992
2292.9226765333,452.065203646673
2833.61029019049,575.794211643188
2398.49841115721,498.152646817471
2785.35131663455,567.801936470189
2231.20157373227,480.807096731682
2633.22352333391,608.131677610046
2633.4834098262,610.000757505774
2412.50615323541,583.342610473702
2439.18068011958,536.677365957117
2501.34479153052,602.06342054447
2673.75996567595,537.834610707316
2528.72393422655,533.774386132263
2362.76498392891,480.869053245926
2936.75385052168,592.568406801118
2946.07477594212,632.909392480812
2711.26986920333,572.797115843999
2683.65139303167,585.40595099621
2391.84066368185,481.247991523279
2338.24400785855,481.746304648774
2506.47012195122,481.540972208021
2345.52647975078,487.92844502216
2685.00525349008,619.739817545153
2314.08390320884,512.343390646384
2490.33195020747,547.921917077227
2518.75365170214,439.246371920351
3411.18393558262,698.137952956135
2570.85184783787,505.629328280084
2610.57692113628,496.120245073208
2234.27349012444,532.09272244776
2433.62917359118,459.178601290485
2854.50043852861,644.477755748026
2708.30810200129,509.741151343984
2434.91664922562,506.002658432681
4099.89694134959,526.818521942748
2029.41734187931,393.809306601605
2338.66501526076,487.377612931291
2217.7090371101,395.480420052814
2370.12626560503,560.458546431712
3089.46770111881,581.036132529422
2150.19428431252,449.761847784761
2349.70382925298,436.846427696343
2295.16314842088,474.379995193628
2203.3278957577,433.495021337127
2174.85876279936,420.6540083255
2149.45317161442,500.639896439139
2609.11163853727,535.819480478885
2088.46826571139,456.558530600462
2077.97603399057,395.38749921831
2136.82358431861,473.500737886366
2338.08040308748,487.475336571313
2391.28677196446,457.536846507737
2297.26803507373,420.251689994671
2233.72448165869,467.499370155039
3108.90133758743,597.414740363678
2580.89761505497,623.9035937966
2352.10925110132,588.786089757224
2826.09137321639,595.430091598153
2583.81389817912,523.25045944792
2255.26707048458,501.227378424831
2871.64048249485,524.547997245768
4440.30704806082,724.813381854272
3371.08950880182,772.783724330519
12170.450281247,793.431392570063
2628.09421906082,580.169257923413
2902.33914010378,668.30771147541
2982.99561261719,599.839811781658
2942.7225754176,626.747529583994
2621.63162983425,553.987652811736
2554.8583518931,624.242292791152
2628.64581034595,621.169353914886
2686.37742107445,621.068193048921
2943.03327451475,814.210914245216
3948.1302828619,770.086620973521
3418.63711376405,758.870110650699
3163.22288163534,610.445940273447
2418.39006223855,569.754577880133
2492.73211437685,582.332744635294
3574.96740154513,722.991690965295
2645.15259623023,593.07681740755
2486.76539831466,563.508025346137
5496.07768552154,645.734515481237
2570.15697674419,551.352799386436
2934.58102238557,586.609762074952
2460.32715185444,530.694263686519
2616.76264183881,603.695403455796
2659.66889653017,479.999142555186
2137.56618936295,503.471275528368
3610.62643298722,788.865761196596
2915.88329263329,594.262146846423
2913.19779134495,623.753763496678
2396.04891386144,547.151470392745
2465.71172973591,640.42908088552
2349.65054837924,495.549187210087
2444.52555465211,498.926191843768
2569.74795282098,527.821260449639
2496.08240049751,532.476265442805
2595.27797551253,503.695176858558
2288.06567497211,462.248205515678
2566.37628068106,489.09622627755
2228.57372961316,476.360269746989
2486.81075826312,529.528856296148
2279.08402903811,480.799532365247
2261.45580226225,523.644317718941
2513.85179230114,667.853991109657
2556.93912075682,570.82913040244
3069.11919849289,703.651642712753
2759.68357850495,787.963966961894
2369.85254247685,488.675081755504
2438.61274648285,545.632304049367
2684.39785276074,681.296497637065
3097.40014378884,561.701259649333
2642.7237034012,775.609912441898
2899.90950529562,653.745792234226
2532.66882734237,744.29128100972
2432.1199772555,601.43279313632
2593.5884195193,586.116676007541
2883.58502694016,597.840779061063
2674.36588057621,630.670722947564
2182.30026465635,503.802218972681
11093.4573971219,633.151906551389
2882.46425457716,742.587362480581
4909.2872832956,909.549443929913
2757.67824544933,666.585565938598
2582.70692238538,578.626855242556
8345.5883385839,814.496854228657
2365.77243348865,625.93414916092
2596.97468185755,529.42896326644
2138.78929225466,500.31151378688
6149.2415721957,825.522617305209
2483.80647322924,523.780648476063
2578.89808302303,585.138038273829
2490.99607991907,536.642300485105
2367.815616,510.524194911276
2765.62186332088,555.183219287587
3078.04458500463,597.797562171883
2316.19469800492,487.514237388334
3847.31312452767,669.820657476893
2804.06409315973,606.876375291004
2411.32103451766,499.603537172537
2333.5595567867,562.102939232362
2721.75007157171,616.536031765905
3906.24375347029,617.065975188123
2323.86553283649,471.740468616997
3178.22295792079,757.336702256315
3079.12371134021,679.692983286776
2398.03722963298,586.038127756438
2482.15464251051,554.080612708509
2697.26189641062,580.705943457144
2997.85915492958,717.141388737015
2566.36385592051,566.680510404918
2885.48621704402,667.841726868575
2871.46271260358,858.750958166843
2795.6641182029,712.097381662599
2735.18078366964,752.020339456103
2939.00190566937,621.630552571906
3332.4151310983,667.905159241593
2532.04381125462,499.381449800938
2970.38024170655,624.753564752025
2586.22085210072,586.495561722383
2396.5349495865,548.514808043876
2531.34435261708,527.13555248325
2428.89024251395,693.868454681221
3142.49844016717,676.232662705914
3075.11795599716,692.134265708961
3200.08250242151,708.25088604876
2609.79475291808,546.662028710637
2790.5550389399,595.162159551864
2600.22319039451,516.724059128716
2857.67312323317,588.790680653818
2830.95308192745,925.470505329825
2773.42999554467,684.707469292648
2671.18391579384,604.70404788879
3188.33259743568,635.442755070128
3487.81709867546,767.45329199641
2752.79832737166,589.246048361036
2730.23844212045,566.689963618459
2913.7925,754.344916555749
3023.73758989651,624.276102528696
3187.58118210489,591.427398063948
3074.63876419329,657.918299291372
2955.68922918543,699.569460707421
2685.38241090491,676.596295188445
3026.09259143482,614.634474144392
2841.84454463481,616.950736593989
2922.13128756723,636.247218095267
3783.08875480937,805.455891866126
5176.33016847804,693.153954913204
2285.31037292385,465.323640491177
2869.56155959702,710.520935259984
2713.27964087668,664.129870347696
2841.5264364053,771.736235302401
2767.27380798553,673.634797891037
2223.01088332068,563.724407541948
3229.67099278979,686.81803182086
2561.49597654544,608.847162260729
2839.00641025641,748.008822369718
2437.24477747502,674.910936089917
2573.05331922772,597.696092855975
2891.82375838926,658.968415652939
2940.9153734085,733.482328441867
3171.25219532212,746.970890102635
2998.58219916453,655.451168766699
3516.97780396779,624.829464662925
2639.56244202226,597.588582597011
2731.51497606057,558.314502130346
11586.9268417172,866.374367296472
2807.99626916602,694.059689673093
2958.16586236531,580.508166233519
3140.59125171939,686.286906479056
3247.42605210421,733.932899179933
4425.16030599966,762.36462259346
3027.68984716777,644.107596609906
2831.61022514071,533.992365075474
2761.64022319263,557.939595486017
2840.47913614412,749.397572267078
2847.13152104479,655.07885386958
2846.61707247207,562.564713518991
3080.34706918239,694.092877827674
2769.31792053247,642.505628102104
3215.16692946494,640.368747350572
2799.71019019466,653.251720891922
3022.41102109233,683.663737224517
2436.02071907374,649.142882429993
3669.03921568627,738.413303234344
3034.27267878788,732.166909682304
3555.23699035615,683.86458557075
4131.8662589999,853.280928986155
2810.04543257612,689.112957123359
2874.15411717906,654.266403341764
2838.84421006372,660.78335178522
3341.55345647073,948.983843221447
4104.96616541353,773.080947875977
3713.85275150473,708.450603612993
2984.06075949367,728.972844348402
3110.87709348102,882.98518912143
2953.69217577706,694.836465671903
3063.7505964689,747.190254149625
3127.52332047493,674.245831049871
2303.67472593483,582.679430278769
2555.44933175436,536.994305954089
2784.15262582057,592.873947350971
7580.26784452297,802.193084543618
2652.25541504946,653.673157162726
2841.48596057011,817.840679229213
2864.18974034927,606.469954967633
3106.43704087806,670.918988907355
3201.07520261845,831.303655401593
4591.92466097439,852.719507062408
3035.1478452858,828.087530907807
2734.92898074213,617.78792712321
2929.48587670207,1010.32674718802
3056.01900156644,813.022570415967
3055.98298820588,810.843603675789
2830.36323713927,975.248976868327
3255.9480299175,923.437556766576
3694.21937794863,899.572087906832
3287.71649155396,1129.20535492678
3728.58533397537,1066.72420802982
3063.32988394031,893.715627971141
3585.05175379553,1109.307705109
2851.10825982358,836.036765262123
2937.20590578061,825.509833820071
3209.279967234,896.423634369721
2806.07973447872,819.674630655586
2800.40037901065,713.845327604726
3130.65366400798,798.92784798781
3257.50076370857,2266.33200223179
2978.49143679903,706.057958305098
3004.64078411405,699.955564211662
3290.9744592729,804.139066088288
2632.03366735916,682.58176650634
2838.46167781494,783.265637630394
3046.83360111771,1268.32260020874
3020.13314263425,827.601845860437
2897.17606640535,723.077529635902
2611.30008821259,628.148172806628
2964.96386500323,830.794168632243
2519.78892426746,741.421025355573
2746.45251130683,648.529248230203
3058.60194174757,782.980191178164
2664.60905707196,773.479728510869
2701.53229135948,693.225426263835
2693.98165353405,733.173763025326
3362.03426545884,823.418364779874
2587.58910468467,452.690948461502
2797.59579728059,759.757449597519
2465.50445238869,386.729406398069
2515.6618852459,463.436369995286
2407.99782993547,336.690521474179
2236.36810461446,336.505455617812
3459.79941860465,571.892483412009
3157.16611246216,511.439208246471
2839.19866289057,484.61296910268
3440.3271222881,502.147863360725
2799.87640692641,684.745410199205
2693.44091334651,463.680390018924
3083.55479922206,600.207482217439
2730.39621842811,528.435609656225
2986.32485430237,553.234992671038
2744.72970161252,402.000782581256
2583.48546176508,405.847893763253
3495.62491346059,570.430093628118
2903.61167747915,353.735444988395
2998.3132503169,551.125065808716
5086.65190304173,578.712876872021
2968.28833750664,491.585262358603
4114.61940579165,747.181559009607
2412.09317988065,631.745886545887
2800.19175072406,476.059509367839
2465.79584560533,472.508356283246
3224.72792703698,573.660694880907
2511.41287637982,603.56125813768
2842.16691152986,517.944073186792
3080.98023426062,537.581337302141
7236.86836697691,764.070139691422
2594.00198692475,548.328126565968
2645.30073844688,547.982313837063
2506.7192135219,502.14549421625
3058.45884249389,590.91380702739
3663.01602086438,560.238806633271
2604.34519504004,494.832839091098
2880.76864573111,541.34464707582
2825.25741163056,603.126521293616
3110.46744452547,607.537743224843
2569.13049558605,514.371290609911
2876.06575936409,758.649389538535
3649.98293614068,611.470049679745
2919.47624466572,533.495344382444
2844.18750427701,510.630268862632
3142.28718992686,637.246732315192
2804.68352624938,530.757971253924
2884.25482267711,540.940581140534
2545.69164781297,489.351242254829
3076.80780844042,597.469021112281
2470.27769802949,572.129239829862
2650.04160624651,551.957864457485
3718.22445447705,626.079838067428
2410.06592258371,483.045517402
2851.97796436791,536.651802945658
2470.24898454397,665.871081163582
2819.90804679192,521.292350304872
2849.75874125874,569.364339380612
2577.57502908104,541.882196119836
2579.21430536451,612.353605777826
2789.81576622994,530.719590382903
3179.93883818884,496.060370680823
2755.82534409113,557.807656650488
3027.20887198986,678.607922142326
2838.76945587563,740.568654595123
2981.97520135651,664.362767029671
2599.37272389446,578.712761682072
3191.8013803681,782.536491758696
2932.49775112444,582.259362229008
2788.43933905824,693.32027224212
2872.19844676068,517.758244119016
2860.66731875719,644.283837389645
2854.27541248414,545.451419329751
2866.98085578447,505.385437941054
2523.998143251,595.208990150017
2892.31988255665,584.153006746847
3013.12068092647,492.144147737125
3170.7861689317,653.602263149896
3551.1344485363,785.976197534524
2664.14561911212,537.567503794881
3388.2892713712,747.238092231937
3004.86492109039,684.521110088123
2997.91341408703,645.089608722471
2762.67676375405,531.581903191316
3844.42848053676,981.779550816444
2948.83751617076,534.553652751423
3033.57850900346,613.841477293586
2619.05901364616,507.355460827762
2988.34873166383,670.733311571732
3344.5353283458,589.4833141542
3132.48726779967,735.874935505084
3393.17480283518,988.618528858409
3088.32340199134,528.108944745553
3262.67106395182,662.075760946956
2687.84542649547,521.716420394652
2826.59085114361,598.145455561975
2647.08995113012,696.605895561607
2986.05022337174,694.226471118464
2957.68837580774,620.348892783177
3005.8523262584,663.772146221126
2556.04124383879,545.832191211511
3637.21306116519,656.523576512456
2891.05565339908,697.314402339227
2998.10001531628,604.790143105524
2767.51511619436,544.62258953168
11131.9738431497,658.715319356412
2494.49551193169,545.765213176338
2316.94370151459,493.770928246014
3728.23472410813,677.191835034368
3259.28108108108,640.006139417964
3706.4511627907,683.403746372351
2859.6035000653,479.184477671651
3417.06894747171,695.520602459583
3282.08158144203,702.140974415832
3098.80677934793,626.132947790127
3544.45067423705,702.808023726504
3301.22559541311,697.185961766492
3221.58275985115,667.938246850569
3287.04949489822,643.380190104263
3245.82123928548,832.977137197884
3331.46885263849,811.393385520744
3108.82698377744,545.784813976278
3459.06694004211,602.748450413223
3459.19260741365,665.753902185224
3419.75130190007,661.009219178535
3487.80644209781,645.935905669128
3251.59821293352,687.899543247824
3901.96422083998,721.277498542112
3177.34882221671,702.521610451473
4123.66680905596,740.301300291159
3295.59585079854,646.933533291035
4753.15391888059,860.330842075945
4374.10909697509,796.288545583901
8121.62207381876,930.877077630035
3648.0681844447,788.566584644908
3429.28271325506,723.848523980116
3146.77437240105,593.068300498457
4559.85732440905,884.929863860191
3605.86447922146,916.604978061428
2807.63721231767,610.069956633218
3158.0821489112,577.474102729422
3425.47890665781,845.574427213607
2898.92015177761,594.390280142393
2655.76088119872,561.531663620478
3316.38954557394,632.277331434964
3333.97970662843,573.846146169455
3363.85134542264,729.128106365374
3343.52232452232,630.541060077917
2877.16259925694,859.917198679804
3880.08352342516,713.999302619535
3659.72403258656,572.847354201602
3044.66664674238,718.08600564392
3115.61068579257,878.824669887279
3041.59969137787,725.729132946932
3266.47221666333,619.089417293982
3012.72742306586,718.491825441741
3175.48755281489,706.286458452329
3236.55990220049,614.8697166957
8536.02962422957,826.054357990059
3456.46973899887,770.066718242302
2692.28173212698,674.134898669762
3294.49601417183,2238.8934896308
2787.17573120619,733.992008249549
2835.64319649166,612.812902133424
3091.728734576,855.655657601883
2862.43026004728,494.923283897626
3236.65539473684,670.27030582711
3819.74764185886,932.773155228781
3011.11903945112,506.010572429907
3047.83013755732,624.10221240062
3508.7575542813,697.433128884031
3125.970141972,702.516572706065
4120.22659284357,675.177494739174
2517.46452243834,480.706836406469
2558.89761052075,607.377954111369
3280.55789333511,735.44180458557
2958.58668108776,640.117534108135
3050.2394224985,654.759655946968
3235.49644745539,621.412425519889
3618.818923238,690.81847185073
3122.08951365326,705.733248453983
5460.24284594277,700.442957437473
2810.60435263113,550.755371841927
3434.83101735186,594.959481881925
3556.54459432253,653.483394242483
3527.98412370068,864.016561602972
2921.59235038743,531.760607137889
3594.61186251396,597.014255284286
2701.95482093664,488.535680897476
2844.26023174232,485.055719224154
3350.20494177455,649.238159427906
2680.55431235431,638.847627926248
3501.7009333899,658.207727634339
3471.56144067797,684.061728065016
3060.71470674919,568.250611352456
2718.15898959881,501.280043276957
3069.55395683453,554.603210768908
2707.8527099495,599.902717407375
3117.78919386746,564.445145918119
2955.25751489126,532.78488085456
3525.60996322886,605.787752572208
3266.69741697417,515.883462132921
3291.35464242251,520.483582749258
2746.55404095872,487.688373109711
2678.34108021283,481.743096290569
2825.68553000561,567.048260835733
3280.08048446962,671.436206596719
3124.89977678571,465.069055406635
3242.40727493589,499.397051579762
3181.10479485912,640.929697486153
3113.62499122499,483.386132857918
3391.70146475682,629.987241138602
4314.94424750242,472.767143011411
3285.0219295559,653.207733563869
3241.90334166146,514.411448391452
2818.21941348195,451.874105895356
3041.96830985916,553.504058004912
3318.3332768553,540.328034899463
2713.0043915828,459.969492373093
2998.22912621359,518.888802639239
2696.88515709643,528.88285552888
